1,2,19
1,19,18
2,3,20
2,20,19
3,4,21
3,21,20
4,5,22
4,22,21
5,6,23
5,23,22
6,7,24
6,24,23
7,8,25
7,25,24
8,9,26
8,26,25
9,10,27
9,27,26
10,11,28
10,28,27
11,12,29
11,29,28
12,13,30
12,30,29
13,14,31
13,31,30
14,15,32
14,32,31
15,16,33
15,33,32
16,17,34
16,34,33
18,19,36
18,36,35
19,20,37
19,37,36
20,21,38
20,38,37
21,22,39
21,39,38
22,23,40
22,40,39
23,24,41
23,41,40
24,25,42
24,42,41
25,26,43
25,43,42
26,27,44
26,44,43
27,28,45
27,45,44
28,29,46
28,46,45
29,30,47
29,47,46
30,31,48
30,48,47
31,32,49
31,49,48
32,33,50
32,50,49
33,34,51
33,51,50
35,36,53
35,53,52
36,37,54
36,54,53
37,38,55
37,55,54
38,39,56
38,56,55
39,40,57
39,57,56
40,41,58
40,58,57
41,42,59
41,59,58
42,43,60
42,60,59
43,44,61
43,61,60
44,45,62
44,62,61
45,46,63
45,63,62
46,47,64
46,64,63
47,48,65
47,65,64
48,49,66
48,66,65
49,50,67
49,67,66
50,51,68
50,68,67
52,53,70
52,70,69
53,54,71
53,71,70
54,55,72
54,72,71
55,56,73
55,73,72
56,57,74
56,74,73
57,58,75
57,75,74
58,59,76
58,76,75
59,60,77
59,77,76
60,61,78
60,78,77
61,62,79
61,79,78
62,63,80
62,80,79
63,64,81
63,81,80
64,65,82
64,82,81
65,66,83
65,83,82
66,67,84
66,84,83
67,68,85
67,85,84
69,70,87
69,87,86
70,71,88
70,88,87
71,72,89
71,89,88
72,73,90
72,90,89
73,74,91
73,91,90
74,75,92
74,92,91
75,76,93
75,93,92
76,77,94
76,94,93
77,78,95
77,95,94
78,79,96
78,96,95
79,80,97
79,97,96
80,81,98
80,98,97
81,82,99
81,99,98
82,83,100
82,100,99
83,84,101
83,101,100
84,85,102
84,102,101
86,87,104
86,104,103
87,88,105
87,105,104
88,89,106
88,106,105
89,90,107
89,107,106
90,91,108
90,108,107
91,92,109
91,109,108
92,93,110
92,110,109
93,94,111
93,111,110
94,95,112
94,112,111
95,96,113
95,113,112
96,97,114
96,114,113
97,98,115
97,115,114
98,99,116
98,116,115
99,100,117
99,117,116
100,101,118
100,118,117
101,102,119
101,119,118
103,104,121
103,121,120
104,105,122
104,122,121
105,106,123
105,123,122
106,107,124
106,124,123
107,108,125
107,125,124
108,109,126
108,126,125
109,110,127
109,127,126
110,111,128
110,128,127
111,112,129
111,129,128
112,113,130
112,130,129
113,114,131
113,131,130
114,115,132
114,132,131
115,116,133
115,133,132
116,117,134
116,134,133
117,118,135
117,135,134
118,119,136
118,136,135
120,121,138
120,138,137
121,122,139
121,139,138
122,123,140
122,140,139
123,124,141
123,141,140
124,125,142
124,142,141
125,126,143
125,143,142
126,127,144
126,144,143
127,128,145
127,145,144
128,129,146
128,146,145
129,130,147
129,147,146
130,131,148
130,148,147
131,132,149
131,149,148
132,133,150
132,150,149
133,134,151
133,151,150
134,135,152
134,152,151
135,136,153
135,153,152
137,138,155
137,155,154
138,139,156
138,156,155
139,140,157
139,157,156
140,141,158
140,158,157
141,142,159
141,159,158
142,143,160
142,160,159
143,144,161
143,161,160
144,145,162
144,162,161
145,146,163
145,163,162
146,147,164
146,164,163
147,148,165
147,165,164
148,149,166
148,166,165
149,150,167
149,167,166
150,151,168
150,168,167
151,152,169
151,169,168
152,153,170
152,170,169
154,155,172
154,172,171
155,156,173
155,173,172
156,157,174
156,174,173
157,158,175
157,175,174
158,159,176
158,176,175
159,160,177
159,177,176
160,161,178
160,178,177
161,162,179
161,179,178
162,163,180
162,180,179
163,164,181
163,181,180
164,165,182
164,182,181
165,166,183
165,183,182
166,167,184
166,184,183
167,168,185
167,185,184
168,169,186
168,186,185
169,170,187
169,187,186
171,172,189
171,189,188
172,173,190
172,190,189
173,174,191
173,191,190
174,175,192
174,192,191
175,176,193
175,193,192
176,177,194
176,194,193
177,178,195
177,195,194
178,179,196
178,196,195
179,180,197
179,197,196
180,181,198
180,198,197
181,182,199
181,199,198
182,183,200
182,200,199
183,184,201
183,201,200
184,185,202
184,202,201
185,186,203
185,203,202
186,187,204
186,204,203
188,189,206
188,206,205
189,190,207
189,207,206
190,191,208
190,208,207
191,192,209
191,209,208
192,193,210
192,210,209
193,194,211
193,211,210
194,195,212
194,212,211
195,196,213
195,213,212
196,197,214
196,214,213
197,198,215
197,215,214
198,199,216
198,216,215
199,200,217
199,217,216
200,201,218
200,218,217
201,202,219
201,219,218
202,203,220
202,220,219
203,204,221
203,221,220
205,206,223
205,223,222
206,207,224
206,224,223
207,208,225
207,225,224
208,209,226
208,226,225
209,210,227
209,227,226
210,211,228
210,228,227
211,212,229
211,229,228
212,213,230
212,230,229
213,214,231
213,231,230
214,215,232
214,232,231
215,216,233
215,233,232
216,217,234
216,234,233
217,218,235
217,235,234
218,219,236
218,236,235
219,220,237
219,237,236
220,221,238
220,238,237
222,223,240
222,240,239
223,224,241
223,241,240
224,225,242
224,242,241
225,226,243
225,243,242
226,227,244
226,244,243
227,228,245
227,245,244
228,229,246
228,246,245
229,230,247
229,247,246
230,231,248
230,248,247
231,232,249
231,249,248
232,233,250
232,250,249
233,234,251
233,251,250
234,235,252
234,252,251
235,236,253
235,253,252
236,237,254
236,254,253
237,238,255
237,255,254
239,240,257
239,257,256
240,241,258
240,258,257
241,242,259
241,259,258
242,243,260
242,260,259
243,244,261
243,261,260
244,245,262
244,262,261
245,246,263
245,263,262
246,247,264
246,264,263
247,248,265
247,265,264
248,249,266
248,266,265
249,250,267
249,267,266
250,251,268
250,268,267
251,252,269
251,269,268
252,253,270
252,270,269
253,254,271
253,271,270
254,255,272
254,272,271
256,257,274
256,274,273
257,258,275
257,275,274
258,259,276
258,276,275
259,260,277
259,277,276
260,261,278
260,278,277
261,262,279
261,279,278
262,263,280
262,280,279
263,264,281
263,281,280
264,265,282
264,282,281
265,266,283
265,283,282
266,267,284
266,284,283
267,268,285
267,285,284
268,269,286
268,286,285
269,270,287
269,287,286
270,271,288
270,288,287
271,272,289
271,289,288
290,291,308
290,308,307
291,292,309
291,309,308
292,293,310
292,310,309
293,294,311
293,311,310
294,295,312
294,312,311
295,296,313
295,313,312
296,297,314
296,314,313
297,298,315
297,315,314
298,299,316
298,316,315
299,300,317
299,317,316
300,301,318
300,318,317
301,302,319
301,319,318
302,303,320
302,320,319
303,304,321
303,321,320
304,305,322
304,322,321
305,306,323
305,323,322
307,308,325
307,325,324
308,309,326
308,326,325
309,310,327
309,327,326
310,311,328
310,328,327
311,312,329
311,329,328
312,313,330
312,330,329
313,314,331
313,331,330
314,315,332
314,332,331
315,316,333
315,333,332
316,317,334
316,334,333
317,318,335
317,335,334
318,319,336
318,336,335
319,320,337
319,337,336
320,321,338
320,338,337
321,322,339
321,339,338
322,323,340
322,340,339
324,325,342
324,342,341
325,326,343
325,343,342
326,327,344
326,344,343
327,328,345
327,345,344
328,329,346
328,346,345
329,330,347
329,347,346
330,331,348
330,348,347
331,332,349
331,349,348
332,333,350
332,350,349
333,334,351
333,351,350
334,335,352
334,352,351
335,336,353
335,353,352
336,337,354
336,354,353
337,338,355
337,355,354
338,339,356
338,356,355
339,340,357
339,357,356
341,342,359
341,359,358
342,343,360
342,360,359
343,344,361
343,361,360
344,345,362
344,362,361
345,346,363
345,363,362
346,347,364
346,364,363
347,348,365
347,365,364
348,349,366
348,366,365
349,350,367
349,367,366
350,351,368
350,368,367
351,352,369
351,369,368
352,353,370
352,370,369
353,354,371
353,371,370
354,355,372
354,372,371
355,356,373
355,373,372
356,357,374
356,374,373
358,359,376
358,376,375
359,360,377
359,377,376
360,361,378
360,378,377
361,362,379
361,379,378
362,363,380
362,380,379
363,364,381
363,381,380
364,365,382
364,382,381
365,366,383
365,383,382
366,367,384
366,384,383
367,368,385
367,385,384
368,369,386
368,386,385
369,370,387
369,387,386
370,371,388
370,388,387
371,372,389
371,389,388
372,373,390
372,390,389
373,374,391
373,391,390
375,376,393
375,393,392
376,377,394
376,394,393
377,378,395
377,395,394
378,379,396
378,396,395
379,380,397
379,397,396
380,381,398
380,398,397
381,382,399
381,399,398
382,383,400
382,400,399
383,384,401
383,401,400
384,385,402
384,402,401
385,386,403
385,403,402
386,387,404
386,404,403
387,388,405
387,405,404
388,389,406
388,406,405
389,390,407
389,407,406
390,391,408
390,408,407
392,393,410
392,410,409
393,394,411
393,411,410
394,395,412
394,412,411
395,396,413
395,413,412
396,397,414
396,414,413
397,398,415
397,415,414
398,399,416
398,416,415
399,400,417
399,417,416
400,401,418
400,418,417
401,402,419
401,419,418
402,403,420
402,420,419
403,404,421
403,421,420
404,405,422
404,422,421
405,406,423
405,423,422
406,407,424
406,424,423
407,408,425
407,425,424
409,410,427
409,427,426
410,411,428
410,428,427
411,412,429
411,429,428
412,413,430
412,430,429
413,414,431
413,431,430
414,415,432
414,432,431
415,416,433
415,433,432
416,417,434
416,434,433
417,418,435
417,435,434
418,419,436
418,436,435
419,420,437
419,437,436
420,421,438
420,438,437
421,422,439
421,439,438
422,423,440
422,440,439
423,424,441
423,441,440
424,425,442
424,442,441
426,427,444
426,444,443
427,428,445
427,445,444
428,429,446
428,446,445
429,430,447
429,447,446
430,431,448
430,448,447
431,432,449
431,449,448
432,433,450
432,450,449
433,434,451
433,451,450
434,435,452
434,452,451
435,436,453
435,453,452
436,437,454
436,454,453
437,438,455
437,455,454
438,439,456
438,456,455
439,440,457
439,457,456
440,441,458
440,458,457
441,442,459
441,459,458
443,444,461
443,461,460
444,445,462
444,462,461
445,446,463
445,463,462
446,447,464
446,464,463
447,448,465
447,465,464
448,449,466
448,466,465
449,450,467
449,467,466
450,451,468
450,468,467
451,452,469
451,469,468
452,453,470
452,470,469
453,454,471
453,471,470
454,455,472
454,472,471
455,456,473
455,473,472
456,457,474
456,474,473
457,458,475
457,475,474
458,459,476
458,476,475
460,461,478
460,478,477
461,462,479
461,479,478
462,463,480
462,480,479
463,464,481
463,481,480
464,465,482
464,482,481
465,466,483
465,483,482
466,467,484
466,484,483
467,468,485
467,485,484
468,469,486
468,486,485
469,470,487
469,487,486
470,471,488
470,488,487
471,472,489
471,489,488
472,473,490
472,490,489
473,474,491
473,491,490
474,475,492
474,492,491
475,476,493
475,493,492
477,478,495
477,495,494
478,479,496
478,496,495
479,480,497
479,497,496
480,481,498
480,498,497
481,482,499
481,499,498
482,483,500
482,500,499
483,484,501
483,501,500
484,485,502
484,502,501
485,486,503
485,503,502
486,487,504
486,504,503
487,488,505
487,505,504
488,489,506
488,506,505
489,490,507
489,507,506
490,491,508
490,508,507
491,492,509
491,509,508
492,493,510
492,510,509
494,495,512
494,512,511
495,496,513
495,513,512
496,497,514
496,514,513
497,498,515
497,515,514
498,499,516
498,516,515
499,500,517
499,517,516
500,501,518
500,518,517
501,502,519
501,519,518
502,503,520
502,520,519
503,504,521
503,521,520
504,505,522
504,522,521
505,506,523
505,523,522
506,507,524
506,524,523
507,508,525
507,525,524
508,509,526
508,526,525
509,510,527
509,527,526
511,512,529
511,529,528
512,513,530
512,530,529
513,514,531
513,531,530
514,515,532
514,532,531
515,516,533
515,533,532
516,517,534
516,534,533
517,518,535
517,535,534
518,519,536
518,536,535
519,520,537
519,537,536
520,521,538
520,538,537
521,522,539
521,539,538
522,523,540
522,540,539
523,524,541
523,541,540
524,525,542
524,542,541
525,526,543
525,543,542
526,527,544
526,544,543
528,529,546
528,546,545
529,530,547
529,547,546
530,531,548
530,548,547
531,532,549
531,549,548
532,533,550
532,550,549
533,534,551
533,551,550
534,535,552
534,552,551
535,536,553
535,553,552
536,537,554
536,554,553
537,538,555
537,555,554
538,539,556
538,556,555
539,540,557
539,557,556
540,541,558
540,558,557
541,542,559
541,559,558
542,543,560
542,560,559
543,544,561
543,561,560
545,546,563
545,563,562
546,547,564
546,564,563
547,548,565
547,565,564
548,549,566
548,566,565
549,550,567
549,567,566
550,551,568
550,568,567
551,552,569
551,569,568
552,553,570
552,570,569
553,554,571
553,571,570
554,555,572
554,572,571
555,556,573
555,573,572
556,557,574
556,574,573
557,558,575
557,575,574
558,559,576
558,576,575
559,560,577
559,577,576
560,561,578
560,578,577
579,580,597
579,597,596
580,581,598
580,598,597
581,582,599
581,599,598
582,583,600
582,600,599
583,584,601
583,601,600
584,585,602
584,602,601
585,586,603
585,603,602
586,587,604
586,604,603
587,588,605
587,605,604
588,589,606
588,606,605
589,590,607
589,607,606
590,591,608
590,608,607
591,592,609
591,609,608
592,593,610
592,610,609
593,594,611
593,611,610
594,595,612
594,612,611
596,597,614
596,614,613
597,598,615
597,615,614
598,599,616
598,616,615
599,600,617
599,617,616
600,601,618
600,618,617
601,602,619
601,619,618
602,603,620
602,620,619
603,604,621
603,621,620
604,605,622
604,622,621
605,606,623
605,623,622
606,607,624
606,624,623
607,608,625
607,625,624
608,609,626
608,626,625
609,610,627
609,627,626
610,611,628
610,628,627
611,612,629
611,629,628
613,614,631
613,631,630
614,615,632
614,632,631
615,616,633
615,633,632
616,617,634
616,634,633
617,618,635
617,635,634
618,619,636
618,636,635
619,620,637
619,637,636
620,621,638
620,638,637
621,622,639
621,639,638
622,623,640
622,640,639
623,624,641
623,641,640
624,625,642
624,642,641
625,626,643
625,643,642
626,627,644
626,644,643
627,628,645
627,645,644
628,629,646
628,646,645
630,631,648
630,648,647
631,632,649
631,649,648
632,633,650
632,650,649
633,634,651
633,651,650
634,635,652
634,652,651
635,636,653
635,653,652
636,637,654
636,654,653
637,638,655
637,655,654
638,639,656
638,656,655
639,640,657
639,657,656
640,641,658
640,658,657
641,642,659
641,659,658
642,643,660
642,660,659
643,644,661
643,661,660
644,645,662
644,662,661
645,646,663
645,663,662
647,648,665
647,665,664
648,649,666
648,666,665
649,650,667
649,667,666
650,651,668
650,668,667
651,652,669
651,669,668
652,653,670
652,670,669
653,654,671
653,671,670
654,655,672
654,672,671
655,656,673
655,673,672
656,657,674
656,674,673
657,658,675
657,675,674
658,659,676
658,676,675
659,660,677
659,677,676
660,661,678
660,678,677
661,662,679
661,679,678
662,663,680
662,680,679
664,665,682
664,682,681
665,666,683
665,683,682
666,667,684
666,684,683
667,668,685
667,685,684
668,669,686
668,686,685
669,670,687
669,687,686
670,671,688
670,688,687
671,672,689
671,689,688
672,673,690
672,690,689
673,674,691
673,691,690
674,675,692
674,692,691
675,676,693
675,693,692
676,677,694
676,694,693
677,678,695
677,695,694
678,679,696
678,696,695
679,680,697
679,697,696
681,682,699
681,699,698
682,683,700
682,700,699
683,684,701
683,701,700
684,685,702
684,702,701
685,686,703
685,703,702
686,687,704
686,704,703
687,688,705
687,705,704
688,689,706
688,706,705
689,690,707
689,707,706
690,691,708
690,708,707
691,692,709
691,709,708
692,693,710
692,710,709
693,694,711
693,711,710
694,695,712
694,712,711
695,696,713
695,713,712
696,697,714
696,714,713
698,699,716
698,716,715
699,700,717
699,717,716
700,701,718
700,718,717
701,702,719
701,719,718
702,703,720
702,720,719
703,704,721
703,721,720
704,705,722
704,722,721
705,706,723
705,723,722
706,707,724
706,724,723
707,708,725
707,725,724
708,709,726
708,726,725
709,710,727
709,727,726
710,711,728
710,728,727
711,712,729
711,729,728
712,713,730
712,730,729
713,714,731
713,731,730
715,716,733
715,733,732
716,717,734
716,734,733
717,718,735
717,735,734
718,719,736
718,736,735
719,720,737
719,737,736
720,721,738
720,738,737
721,722,739
721,739,738
722,723,740
722,740,739
723,724,741
723,741,740
724,725,742
724,742,741
725,726,743
725,743,742
726,727,744
726,744,743
727,728,745
727,745,744
728,729,746
728,746,745
729,730,747
729,747,746
730,731,748
730,748,747
732,733,750
732,750,749
733,734,751
733,751,750
734,735,752
734,752,751
735,736,753
735,753,752
736,737,754
736,754,753
737,738,755
737,755,754
738,739,756
738,756,755
739,740,757
739,757,756
740,741,758
740,758,757
741,742,759
741,759,758
742,743,760
742,760,759
743,744,761
743,761,760
744,745,762
744,762,761
745,746,763
745,763,762
746,747,764
746,764,763
747,748,765
747,765,764
749,750,767
749,767,766
750,751,768
750,768,767
751,752,769
751,769,768
752,753,770
752,770,769
753,754,771
753,771,770
754,755,772
754,772,771
755,756,773
755,773,772
756,757,774
756,774,773
757,758,775
757,775,774
758,759,776
758,776,775
759,760,777
759,777,776
760,761,778
760,778,777
761,762,779
761,779,778
762,763,780
762,780,779
763,764,781
763,781,780
764,765,782
764,782,781
766,767,784
766,784,783
767,768,785
767,785,784
768,769,786
768,786,785
769,770,787
769,787,786
770,771,788
770,788,787
771,772,789
771,789,788
772,773,790
772,790,789
773,774,791
773,791,790
774,775,792
774,792,791
775,776,793
775,793,792
776,777,794
776,794,793
777,778,795
777,795,794
778,779,796
778,796,795
779,780,797
779,797,796
780,781,798
780,798,797
781,782,799
781,799,798
783,784,801
783,801,800
784,785,802
784,802,801
785,786,803
785,803,802
786,787,804
786,804,803
787,788,805
787,805,804
788,789,806
788,806,805
789,790,807
789,807,806
790,791,808
790,808,807
791,792,809
791,809,808
792,793,810
792,810,809
793,794,811
793,811,810
794,795,812
794,812,811
795,796,813
795,813,812
796,797,814
796,814,813
797,798,815
797,815,814
798,799,816
798,816,815
800,801,818
800,818,817
801,802,819
801,819,818
802,803,820
802,820,819
803,804,821
803,821,820
804,805,822
804,822,821
805,806,823
805,823,822
806,807,824
806,824,823
807,808,825
807,825,824
808,809,826
808,826,825
809,810,827
809,827,826
810,811,828
810,828,827
811,812,829
811,829,828
812,813,830
812,830,829
813,814,831
813,831,830
814,815,832
814,832,831
815,816,833
815,833,832
817,818,835
817,835,834
818,819,836
818,836,835
819,820,837
819,837,836
820,821,838
820,838,837
821,822,839
821,839,838
822,823,840
822,840,839
823,824,841
823,841,840
824,825,842
824,842,841
825,826,843
825,843,842
826,827,844
826,844,843
827,828,845
827,845,844
828,829,846
828,846,845
829,830,847
829,847,846
830,831,848
830,848,847
831,832,849
831,849,848
832,833,850
832,850,849
834,835,852
834,852,851
835,836,853
835,853,852
836,837,854
836,854,853
837,838,855
837,855,854
838,839,856
838,856,855
839,840,857
839,857,856
840,841,858
840,858,857
841,842,859
841,859,858
842,843,860
842,860,859
843,844,861
843,861,860
844,845,862
844,862,861
845,846,863
845,863,862
846,847,864
846,864,863
847,848,865
847,865,864
848,849,866
848,866,865
849,850,867
849,867,866
868,869,886
868,886,885
869,870,887
869,887,886
870,871,888
870,888,887
871,872,889
871,889,888
872,873,890
872,890,889
873,874,891
873,891,890
874,875,892
874,892,891
875,876,893
875,893,892
876,877,894
876,894,893
877,878,895
877,895,894
878,879,896
878,896,895
879,880,897
879,897,896
880,881,898
880,898,897
881,882,899
881,899,898
882,883,900
882,900,899
883,884,901
883,901,900
885,886,903
885,903,902
886,887,904
886,904,903
887,888,905
887,905,904
888,889,906
888,906,905
889,890,907
889,907,906
890,891,908
890,908,907
891,892,909
891,909,908
892,893,910
892,910,909
893,894,911
893,911,910
894,895,912
894,912,911
895,896,913
895,913,912
896,897,914
896,914,913
897,898,915
897,915,914
898,899,916
898,916,915
899,900,917
899,917,916
900,901,918
900,918,917
902,903,920
902,920,919
903,904,921
903,921,920
904,905,922
904,922,921
905,906,923
905,923,922
906,907,924
906,924,923
907,908,925
907,925,924
908,909,926
908,926,925
909,910,927
909,927,926
910,911,928
910,928,927
911,912,929
911,929,928
912,913,930
912,930,929
913,914,931
913,931,930
914,915,932
914,932,931
915,916,933
915,933,932
916,917,934
916,934,933
917,918,935
917,935,934
919,920,937
919,937,936
920,921,938
920,938,937
921,922,939
921,939,938
922,923,940
922,940,939
923,924,941
923,941,940
924,925,942
924,942,941
925,926,943
925,943,942
926,927,944
926,944,943
927,928,945
927,945,944
928,929,946
928,946,945
929,930,947
929,947,946
930,931,948
930,948,947
931,932,949
931,949,948
932,933,950
932,950,949
933,934,951
933,951,950
934,935,952
934,952,951
936,937,954
936,954,953
937,938,955
937,955,954
938,939,956
938,956,955
939,940,957
939,957,956
940,941,958
940,958,957
941,942,959
941,959,958
942,943,960
942,960,959
943,944,961
943,961,960
944,945,962
944,962,961
945,946,963
945,963,962
946,947,964
946,964,963
947,948,965
947,965,964
948,949,966
948,966,965
949,950,967
949,967,966
950,951,968
950,968,967
951,952,969
951,969,968
953,954,971
953,971,970
954,955,972
954,972,971
955,956,973
955,973,972
956,957,974
956,974,973
957,958,975
957,975,974
958,959,976
958,976,975
959,960,977
959,977,976
960,961,978
960,978,977
961,962,979
961,979,978
962,963,980
962,980,979
963,964,981
963,981,980
964,965,982
964,982,981
965,966,983
965,983,982
966,967,984
966,984,983
967,968,985
967,985,984
968,969,986
968,986,985
970,971,988
970,988,987
971,972,989
971,989,988
972,973,990
972,990,989
973,974,991
973,991,990
974,975,992
974,992,991
975,976,993
975,993,992
976,977,994
976,994,993
977,978,995
977,995,994
978,979,996
978,996,995
979,980,997
979,997,996
980,981,998
980,998,997
981,982,999
981,999,998
982,983,1000
982,1000,999
983,984,1001
983,1001,1000
984,985,1002
984,1002,1001
985,986,1003
985,1003,1002
987,988,1005
987,1005,1004
988,989,1006
988,1006,1005
989,990,1007
989,1007,1006
990,991,1008
990,1008,1007
991,992,1009
991,1009,1008
992,993,1010
992,1010,1009
993,994,1011
993,1011,1010
994,995,1012
994,1012,1011
995,996,1013
995,1013,1012
996,997,1014
996,1014,1013
997,998,1015
997,1015,1014
998,999,1016
998,1016,1015
999,1000,1017
999,1017,1016
1000,1001,1018
1000,1018,1017
1001,1002,1019
1001,1019,1018
1002,1003,1020
1002,1020,1019
1004,1005,1022
1004,1022,1021
1005,1006,1023
1005,1023,1022
1006,1007,1024
1006,1024,1023
1007,1008,1025
1007,1025,1024
1008,1009,1026
1008,1026,1025
1009,1010,1027
1009,1027,1026
1010,1011,1028
1010,1028,1027
1011,1012,1029
1011,1029,1028
1012,1013,1030
1012,1030,1029
1013,1014,1031
1013,1031,1030
1014,1015,1032
1014,1032,1031
1015,1016,1033
1015,1033,1032
1016,1017,1034
1016,1034,1033
1017,1018,1035
1017,1035,1034
1018,1019,1036
1018,1036,1035
1019,1020,1037
1019,1037,1036
1021,1022,1039
1021,1039,1038
1022,1023,1040
1022,1040,1039
1023,1024,1041
1023,1041,1040
1024,1025,1042
1024,1042,1041
1025,1026,1043
1025,1043,1042
1026,1027,1044
1026,1044,1043
1027,1028,1045
1027,1045,1044
1028,1029,1046
1028,1046,1045
1029,1030,1047
1029,1047,1046
1030,1031,1048
1030,1048,1047
1031,1032,1049
1031,1049,1048
1032,1033,1050
1032,1050,1049
1033,1034,1051
1033,1051,1050
1034,1035,1052
1034,1052,1051
1035,1036,1053
1035,1053,1052
1036,1037,1054
1036,1054,1053
1038,1039,1056
1038,1056,1055
1039,1040,1057
1039,1057,1056
1040,1041,1058
1040,1058,1057
1041,1042,1059
1041,1059,1058
1042,1043,1060
1042,1060,1059
1043,1044,1061
1043,1061,1060
1044,1045,1062
1044,1062,1061
1045,1046,1063
1045,1063,1062
1046,1047,1064
1046,1064,1063
1047,1048,1065
1047,1065,1064
1048,1049,1066
1048,1066,1065
1049,1050,1067
1049,1067,1066
1050,1051,1068
1050,1068,1067
1051,1052,1069
1051,1069,1068
1052,1053,1070
1052,1070,1069
1053,1054,1071
1053,1071,1070
1055,1056,1073
1055,1073,1072
1056,1057,1074
1056,1074,1073
1057,1058,1075
1057,1075,1074
1058,1059,1076
1058,1076,1075
1059,1060,1077
1059,1077,1076
1060,1061,1078
1060,1078,1077
1061,1062,1079
1061,1079,1078
1062,1063,1080
1062,1080,1079
1063,1064,1081
1063,1081,1080
1064,1065,1082
1064,1082,1081
1065,1066,1083
1065,1083,1082
1066,1067,1084
1066,1084,1083
1067,1068,1085
1067,1085,1084
1068,1069,1086
1068,1086,1085
1069,1070,1087
1069,1087,1086
1070,1071,1088
1070,1088,1087
1072,1073,1090
1072,1090,1089
1073,1074,1091
1073,1091,1090
1074,1075,1092
1074,1092,1091
1075,1076,1093
1075,1093,1092
1076,1077,1094
1076,1094,1093
1077,1078,1095
1077,1095,1094
1078,1079,1096
1078,1096,1095
1079,1080,1097
1079,1097,1096
1080,1081,1098
1080,1098,1097
1081,1082,1099
1081,1099,1098
1082,1083,1100
1082,1100,1099
1083,1084,1101
1083,1101,1100
1084,1085,1102
1084,1102,1101
1085,1086,1103
1085,1103,1102
1086,1087,1104
1086,1104,1103
1087,1088,1105
1087,1105,1104
1089,1090,1107
1089,1107,1106
1090,1091,1108
1090,1108,1107
1091,1092,1109
1091,1109,1108
1092,1093,1110
1092,1110,1109
1093,1094,1111
1093,1111,1110
1094,1095,1112
1094,1112,1111
1095,1096,1113
1095,1113,1112
1096,1097,1114
1096,1114,1113
1097,1098,1115
1097,1115,1114
1098,1099,1116
1098,1116,1115
1099,1100,1117
1099,1117,1116
1100,1101,1118
1100,1118,1117
1101,1102,1119
1101,1119,1118
1102,1103,1120
1102,1120,1119
1103,1104,1121
1103,1121,1120
1104,1105,1122
1104,1122,1121
1106,1107,1124
1106,1124,1123
1107,1108,1125
1107,1125,1124
1108,1109,1126
1108,1126,1125
1109,1110,1127
1109,1127,1126
1110,1111,1128
1110,1128,1127
1111,1112,1129
1111,1129,1128
1112,1113,1130
1112,1130,1129
1113,1114,1131
1113,1131,1130
1114,1115,1132
1114,1132,1131
1115,1116,1133
1115,1133,1132
1116,1117,1134
1116,1134,1133
1117,1118,1135
1117,1135,1134
1118,1119,1136
1118,1136,1135
1119,1120,1137
1119,1137,1136
1120,1121,1138
1120,1138,1137
1121,1122,1139
1121,1139,1138
1123,1124,1141
1123,1141,1140
1124,1125,1142
1124,1142,1141
1125,1126,1143
1125,1143,1142
1126,1127,1144
1126,1144,1143
1127,1128,1145
1127,1145,1144
1128,1129,1146
1128,1146,1145
1129,1130,1147
1129,1147,1146
1130,1131,1148
1130,1148,1147
1131,1132,1149
1131,1149,1148
1132,1133,1150
1132,1150,1149
1133,1134,1151
1133,1151,1150
1134,1135,1152
1134,1152,1151
1135,1136,1153
1135,1153,1152
1136,1137,1154
1136,1154,1153
1137,1138,1155
1137,1155,1154
1138,1139,1156
1138,1156,1155
1157,1158,1175
1157,1175,1174
1158,1159,1176
1158,1176,1175
1159,1160,1177
1159,1177,1176
1160,1161,1178
1160,1178,1177
1161,1162,1179
1161,1179,1178
1162,1163,1180
1162,1180,1179
1163,1164,1181
1163,1181,1180
1164,1165,1182
1164,1182,1181
1165,1166,1183
1165,1183,1182
1166,1167,1184
1166,1184,1183
1167,1168,1185
1167,1185,1184
1168,1169,1186
1168,1186,1185
1169,1170,1187
1169,1187,1186
1170,1171,1188
1170,1188,1187
1171,1172,1189
1171,1189,1188
1172,1173,1190
1172,1190,1189
1174,1175,1192
1174,1192,1191
1175,1176,1193
1175,1193,1192
1176,1177,1194
1176,1194,1193
1177,1178,1195
1177,1195,1194
1178,1179,1196
1178,1196,1195
1179,1180,1197
1179,1197,1196
1180,1181,1198
1180,1198,1197
1181,1182,1199
1181,1199,1198
1182,1183,1200
1182,1200,1199
1183,1184,1201
1183,1201,1200
1184,1185,1202
1184,1202,1201
1185,1186,1203
1185,1203,1202
1186,1187,1204
1186,1204,1203
1187,1188,1205
1187,1205,1204
1188,1189,1206
1188,1206,1205
1189,1190,1207
1189,1207,1206
1191,1192,1209
1191,1209,1208
1192,1193,1210
1192,1210,1209
1193,1194,1211
1193,1211,1210
1194,1195,1212
1194,1212,1211
1195,1196,1213
1195,1213,1212
1196,1197,1214
1196,1214,1213
1197,1198,1215
1197,1215,1214
1198,1199,1216
1198,1216,1215
1199,1200,1217
1199,1217,1216
1200,1201,1218
1200,1218,1217
1201,1202,1219
1201,1219,1218
1202,1203,1220
1202,1220,1219
1203,1204,1221
1203,1221,1220
1204,1205,1222
1204,1222,1221
1205,1206,1223
1205,1223,1222
1206,1207,1224
1206,1224,1223
1208,1209,1226
1208,1226,1225
1209,1210,1227
1209,1227,1226
1210,1211,1228
1210,1228,1227
1211,1212,1229
1211,1229,1228
1212,1213,1230
1212,1230,1229
1213,1214,1231
1213,1231,1230
1214,1215,1232
1214,1232,1231
1215,1216,1233
1215,1233,1232
1216,1217,1234
1216,1234,1233
1217,1218,1235
1217,1235,1234
1218,1219,1236
1218,1236,1235
1219,1220,1237
1219,1237,1236
1220,1221,1238
1220,1238,1237
1221,1222,1239
1221,1239,1238
1222,1223,1240
1222,1240,1239
1223,1224,1241
1223,1241,1240
1225,1226,1243
1225,1243,1242
1226,1227,1244
1226,1244,1243
1227,1228,1245
1227,1245,1244
1228,1229,1246
1228,1246,1245
1229,1230,1247
1229,1247,1246
1230,1231,1248
1230,1248,1247
1231,1232,1249
1231,1249,1248
1232,1233,1250
1232,1250,1249
1233,1234,1251
1233,1251,1250
1234,1235,1252
1234,1252,1251
1235,1236,1253
1235,1253,1252
1236,1237,1254
1236,1254,1253
1237,1238,1255
1237,1255,1254
1238,1239,1256
1238,1256,1255
1239,1240,1257
1239,1257,1256
1240,1241,1258
1240,1258,1257
1242,1243,1260
1242,1260,1259
1243,1244,1261
1243,1261,1260
1244,1245,1262
1244,1262,1261
1245,1246,1263
1245,1263,1262
1246,1247,1264
1246,1264,1263
1247,1248,1265
1247,1265,1264
1248,1249,1266
1248,1266,1265
1249,1250,1267
1249,1267,1266
1250,1251,1268
1250,1268,1267
1251,1252,1269
1251,1269,1268
1252,1253,1270
1252,1270,1269
1253,1254,1271
1253,1271,1270
1254,1255,1272
1254,1272,1271
1255,1256,1273
1255,1273,1272
1256,1257,1274
1256,1274,1273
1257,1258,1275
1257,1275,1274
1259,1260,1277
1259,1277,1276
1260,1261,1278
1260,1278,1277
1261,1262,1279
1261,1279,1278
1262,1263,1280
1262,1280,1279
1263,1264,1281
1263,1281,1280
1264,1265,1282
1264,1282,1281
1265,1266,1283
1265,1283,1282
1266,1267,1284
1266,1284,1283
1267,1268,1285
1267,1285,1284
1268,1269,1286
1268,1286,1285
1269,1270,1287
1269,1287,1286
1270,1271,1288
1270,1288,1287
1271,1272,1289
1271,1289,1288
1272,1273,1290
1272,1290,1289
1273,1274,1291
1273,1291,1290
1274,1275,1292
1274,1292,1291
1276,1277,1294
1276,1294,1293
1277,1278,1295
1277,1295,1294
1278,1279,1296
1278,1296,1295
1279,1280,1297
1279,1297,1296
1280,1281,1298
1280,1298,1297
1281,1282,1299
1281,1299,1298
1282,1283,1300
1282,1300,1299
1283,1284,1301
1283,1301,1300
1284,1285,1302
1284,1302,1301
1285,1286,1303
1285,1303,1302
1286,1287,1304
1286,1304,1303
1287,1288,1305
1287,1305,1304
1288,1289,1306
1288,1306,1305
1289,1290,1307
1289,1307,1306
1290,1291,1308
1290,1308,1307
1291,1292,1309
1291,1309,1308
1293,1294,1311
1293,1311,1310
1294,1295,1312
1294,1312,1311
1295,1296,1313
1295,1313,1312
1296,1297,1314
1296,1314,1313
1297,1298,1315
1297,1315,1314
1298,1299,1316
1298,1316,1315
1299,1300,1317
1299,1317,1316
1300,1301,1318
1300,1318,1317
1301,1302,1319
1301,1319,1318
1302,1303,1320
1302,1320,1319
1303,1304,1321
1303,1321,1320
1304,1305,1322
1304,1322,1321
1305,1306,1323
1305,1323,1322
1306,1307,1324
1306,1324,1323
1307,1308,1325
1307,1325,1324
1308,1309,1326
1308,1326,1325
1310,1311,1328
1310,1328,1327
1311,1312,1329
1311,1329,1328
1312,1313,1330
1312,1330,1329
1313,1314,1331
1313,1331,1330
1314,1315,1332
1314,1332,1331
1315,1316,1333
1315,1333,1332
1316,1317,1334
1316,1334,1333
1317,1318,1335
1317,1335,1334
1318,1319,1336
1318,1336,1335
1319,1320,1337
1319,1337,1336
1320,1321,1338
1320,1338,1337
1321,1322,1339
1321,1339,1338
1322,1323,1340
1322,1340,1339
1323,1324,1341
1323,1341,1340
1324,1325,1342
1324,1342,1341
1325,1326,1343
1325,1343,1342
1327,1328,1345
1327,1345,1344
1328,1329,1346
1328,1346,1345
1329,1330,1347
1329,1347,1346
1330,1331,1348
1330,1348,1347
1331,1332,1349
1331,1349,1348
1332,1333,1350
1332,1350,1349
1333,1334,1351
1333,1351,1350
1334,1335,1352
1334,1352,1351
1335,1336,1353
1335,1353,1352
1336,1337,1354
1336,1354,1353
1337,1338,1355
1337,1355,1354
1338,1339,1356
1338,1356,1355
1339,1340,1357
1339,1357,1356
1340,1341,1358
1340,1358,1357
1341,1342,1359
1341,1359,1358
1342,1343,1360
1342,1360,1359
1344,1345,1362
1344,1362,1361
1345,1346,1363
1345,1363,1362
1346,1347,1364
1346,1364,1363
1347,1348,1365
1347,1365,1364
1348,1349,1366
1348,1366,1365
1349,1350,1367
1349,1367,1366
1350,1351,1368
1350,1368,1367
1351,1352,1369
1351,1369,1368
1352,1353,1370
1352,1370,1369
1353,1354,1371
1353,1371,1370
1354,1355,1372
1354,1372,1371
1355,1356,1373
1355,1373,1372
1356,1357,1374
1356,1374,1373
1357,1358,1375
1357,1375,1374
1358,1359,1376
1358,1376,1375
1359,1360,1377
1359,1377,1376
1361,1362,1379
1361,1379,1378
1362,1363,1380
1362,1380,1379
1363,1364,1381
1363,1381,1380
1364,1365,1382
1364,1382,1381
1365,1366,1383
1365,1383,1382
1366,1367,1384
1366,1384,1383
1367,1368,1385
1367,1385,1384
1368,1369,1386
1368,1386,1385
1369,1370,1387
1369,1387,1386
1370,1371,1388
1370,1388,1387
1371,1372,1389
1371,1389,1388
1372,1373,1390
1372,1390,1389
1373,1374,1391
1373,1391,1390
1374,1375,1392
1374,1392,1391
1375,1376,1393
1375,1393,1392
1376,1377,1394
1376,1394,1393
1378,1379,1396
1378,1396,1395
1379,1380,1397
1379,1397,1396
1380,1381,1398
1380,1398,1397
1381,1382,1399
1381,1399,1398
1382,1383,1400
1382,1400,1399
1383,1384,1401
1383,1401,1400
1384,1385,1402
1384,1402,1401
1385,1386,1403
1385,1403,1402
1386,1387,1404
1386,1404,1403
1387,1388,1405
1387,1405,1404
1388,1389,1406
1388,1406,1405
1389,1390,1407
1389,1407,1406
1390,1391,1408
1390,1408,1407
1391,1392,1409
1391,1409,1408
1392,1393,1410
1392,1410,1409
1393,1394,1411
1393,1411,1410
1395,1396,1413
1395,1413,1412
1396,1397,1414
1396,1414,1413
1397,1398,1415
1397,1415,1414
1398,1399,1416
1398,1416,1415
1399,1400,1417
1399,1417,1416
1400,1401,1418
1400,1418,1417
1401,1402,1419
1401,1419,1418
1402,1403,1420
1402,1420,1419
1403,1404,1421
1403,1421,1420
1404,1405,1422
1404,1422,1421
1405,1406,1423
1405,1423,1422
1406,1407,1424
1406,1424,1423
1407,1408,1425
1407,1425,1424
1408,1409,1426
1408,1426,1425
1409,1410,1427
1409,1427,1426
1410,1411,1428
1410,1428,1427
1412,1413,1430
1412,1430,1429
1413,1414,1431
1413,1431,1430
1414,1415,1432
1414,1432,1431
1415,1416,1433
1415,1433,1432
1416,1417,1434
1416,1434,1433
1417,1418,1435
1417,1435,1434
1418,1419,1436
1418,1436,1435
1419,1420,1437
1419,1437,1436
1420,1421,1438
1420,1438,1437
1421,1422,1439
1421,1439,1438
1422,1423,1440
1422,1440,1439
1423,1424,1441
1423,1441,1440
1424,1425,1442
1424,1442,1441
1425,1426,1443
1425,1443,1442
1426,1427,1444
1426,1444,1443
1427,1428,1445
1427,1445,1444
1446,1447,1464
1446,1464,1463
1447,1448,1465
1447,1465,1464
1448,1449,1466
1448,1466,1465
1449,1450,1467
1449,1467,1466
1450,1451,1468
1450,1468,1467
1451,1452,1469
1451,1469,1468
1452,1453,1470
1452,1470,1469
1453,1454,1471
1453,1471,1470
1454,1455,1472
1454,1472,1471
1455,1456,1473
1455,1473,1472
1456,1457,1474
1456,1474,1473
1457,1458,1475
1457,1475,1474
1458,1459,1476
1458,1476,1475
1459,1460,1477
1459,1477,1476
1460,1461,1478
1460,1478,1477
1461,1462,1479
1461,1479,1478
1463,1464,1481
1463,1481,1480
1464,1465,1482
1464,1482,1481
1465,1466,1483
1465,1483,1482
1466,1467,1484
1466,1484,1483
1467,1468,1485
1467,1485,1484
1468,1469,1486
1468,1486,1485
1469,1470,1487
1469,1487,1486
1470,1471,1488
1470,1488,1487
1471,1472,1489
1471,1489,1488
1472,1473,1490
1472,1490,1489
1473,1474,1491
1473,1491,1490
1474,1475,1492
1474,1492,1491
1475,1476,1493
1475,1493,1492
1476,1477,1494
1476,1494,1493
1477,1478,1495
1477,1495,1494
1478,1479,1496
1478,1496,1495
1480,1481,1498
1480,1498,1497
1481,1482,1499
1481,1499,1498
1482,1483,1500
1482,1500,1499
1483,1484,1501
1483,1501,1500
1484,1485,1502
1484,1502,1501
1485,1486,1503
1485,1503,1502
1486,1487,1504
1486,1504,1503
1487,1488,1505
1487,1505,1504
1488,1489,1506
1488,1506,1505
1489,1490,1507
1489,1507,1506
1490,1491,1508
1490,1508,1507
1491,1492,1509
1491,1509,1508
1492,1493,1510
1492,1510,1509
1493,1494,1511
1493,1511,1510
1494,1495,1512
1494,1512,1511
1495,1496,1513
1495,1513,1512
1497,1498,1515
1497,1515,1514
1498,1499,1516
1498,1516,1515
1499,1500,1517
1499,1517,1516
1500,1501,1518
1500,1518,1517
1501,1502,1519
1501,1519,1518
1502,1503,1520
1502,1520,1519
1503,1504,1521
1503,1521,1520
1504,1505,1522
1504,1522,1521
1505,1506,1523
1505,1523,1522
1506,1507,1524
1506,1524,1523
1507,1508,1525
1507,1525,1524
1508,1509,1526
1508,1526,1525
1509,1510,1527
1509,1527,1526
1510,1511,1528
1510,1528,1527
1511,1512,1529
1511,1529,1528
1512,1513,1530
1512,1530,1529
1514,1515,1532
1514,1532,1531
1515,1516,1533
1515,1533,1532
1516,1517,1534
1516,1534,1533
1517,1518,1535
1517,1535,1534
1518,1519,1536
1518,1536,1535
1519,1520,1537
1519,1537,1536
1520,1521,1538
1520,1538,1537
1521,1522,1539
1521,1539,1538
1522,1523,1540
1522,1540,1539
1523,1524,1541
1523,1541,1540
1524,1525,1542
1524,1542,1541
1525,1526,1543
1525,1543,1542
1526,1527,1544
1526,1544,1543
1527,1528,1545
1527,1545,1544
1528,1529,1546
1528,1546,1545
1529,1530,1547
1529,1547,1546
1531,1532,1549
1531,1549,1548
1532,1533,1550
1532,1550,1549
1533,1534,1551
1533,1551,1550
1534,1535,1552
1534,1552,1551
1535,1536,1553
1535,1553,1552
1536,1537,1554
1536,1554,1553
1537,1538,1555
1537,1555,1554
1538,1539,1556
1538,1556,1555
1539,1540,1557
1539,1557,1556
1540,1541,1558
1540,1558,1557
1541,1542,1559
1541,1559,1558
1542,1543,1560
1542,1560,1559
1543,1544,1561
1543,1561,1560
1544,1545,1562
1544,1562,1561
1545,1546,1563
1545,1563,1562
1546,1547,1564
1546,1564,1563
1548,1549,1566
1548,1566,1565
1549,1550,1567
1549,1567,1566
1550,1551,1568
1550,1568,1567
1551,1552,1569
1551,1569,1568
1552,1553,1570
1552,1570,1569
1553,1554,1571
1553,1571,1570
1554,1555,1572
1554,1572,1571
1555,1556,1573
1555,1573,1572
1556,1557,1574
1556,1574,1573
1557,1558,1575
1557,1575,1574
1558,1559,1576
1558,1576,1575
1559,1560,1577
1559,1577,1576
1560,1561,1578
1560,1578,1577
1561,1562,1579
1561,1579,1578
1562,1563,1580
1562,1580,1579
1563,1564,1581
1563,1581,1580
1565,1566,1583
1565,1583,1582
1566,1567,1584
1566,1584,1583
1567,1568,1585
1567,1585,1584
1568,1569,1586
1568,1586,1585
1569,1570,1587
1569,1587,1586
1570,1571,1588
1570,1588,1587
1571,1572,1589
1571,1589,1588
1572,1573,1590
1572,1590,1589
1573,1574,1591
1573,1591,1590
1574,1575,1592
1574,1592,1591
1575,1576,1593
1575,1593,1592
1576,1577,1594
1576,1594,1593
1577,1578,1595
1577,1595,1594
1578,1579,1596
1578,1596,1595
1579,1580,1597
1579,1597,1596
1580,1581,1598
1580,1598,1597
1582,1583,1600
1582,1600,1599
1583,1584,1601
1583,1601,1600
1584,1585,1602
1584,1602,1601
1585,1586,1603
1585,1603,1602
1586,1587,1604
1586,1604,1603
1587,1588,1605
1587,1605,1604
1588,1589,1606
1588,1606,1605
1589,1590,1607
1589,1607,1606
1590,1591,1608
1590,1608,1607
1591,1592,1609
1591,1609,1608
1592,1593,1610
1592,1610,1609
1593,1594,1611
1593,1611,1610
1594,1595,1612
1594,1612,1611
1595,1596,1613
1595,1613,1612
1596,1597,1614
1596,1614,1613
1597,1598,1615
1597,1615,1614
1599,1600,1617
1599,1617,1616
1600,1601,1618
1600,1618,1617
1601,1602,1619
1601,1619,1618
1602,1603,1620
1602,1620,1619
1603,1604,1621
1603,1621,1620
1604,1605,1622
1604,1622,1621
1605,1606,1623
1605,1623,1622
1606,1607,1624
1606,1624,1623
1607,1608,1625
1607,1625,1624
1608,1609,1626
1608,1626,1625
1609,1610,1627
1609,1627,1626
1610,1611,1628
1610,1628,1627
1611,1612,1629
1611,1629,1628
1612,1613,1630
1612,1630,1629
1613,1614,1631
1613,1631,1630
1614,1615,1632
1614,1632,1631
1616,1617,1634
1616,1634,1633
1617,1618,1635
1617,1635,1634
1618,1619,1636
1618,1636,1635
1619,1620,1637
1619,1637,1636
1620,1621,1638
1620,1638,1637
1621,1622,1639
1621,1639,1638
1622,1623,1640
1622,1640,1639
1623,1624,1641
1623,1641,1640
1624,1625,1642
1624,1642,1641
1625,1626,1643
1625,1643,1642
1626,1627,1644
1626,1644,1643
1627,1628,1645
1627,1645,1644
1628,1629,1646
1628,1646,1645
1629,1630,1647
1629,1647,1646
1630,1631,1648
1630,1648,1647
1631,1632,1649
1631,1649,1648
1633,1634,1651
1633,1651,1650
1634,1635,1652
1634,1652,1651
1635,1636,1653
1635,1653,1652
1636,1637,1654
1636,1654,1653
1637,1638,1655
1637,1655,1654
1638,1639,1656
1638,1656,1655
1639,1640,1657
1639,1657,1656
1640,1641,1658
1640,1658,1657
1641,1642,1659
1641,1659,1658
1642,1643,1660
1642,1660,1659
1643,1644,1661
1643,1661,1660
1644,1645,1662
1644,1662,1661
1645,1646,1663
1645,1663,1662
1646,1647,1664
1646,1664,1663
1647,1648,1665
1647,1665,1664
1648,1649,1666
1648,1666,1665
1650,1651,1668
1650,1668,1667
1651,1652,1669
1651,1669,1668
1652,1653,1670
1652,1670,1669
1653,1654,1671
1653,1671,1670
1654,1655,1672
1654,1672,1671
1655,1656,1673
1655,1673,1672
1656,1657,1674
1656,1674,1673
1657,1658,1675
1657,1675,1674
1658,1659,1676
1658,1676,1675
1659,1660,1677
1659,1677,1676
1660,1661,1678
1660,1678,1677
1661,1662,1679
1661,1679,1678
1662,1663,1680
1662,1680,1679
1663,1664,1681
1663,1681,1680
1664,1665,1682
1664,1682,1681
1665,1666,1683
1665,1683,1682
1667,1668,1685
1667,1685,1684
1668,1669,1686
1668,1686,1685
1669,1670,1687
1669,1687,1686
1670,1671,1688
1670,1688,1687
1671,1672,1689
1671,1689,1688
1672,1673,1690
1672,1690,1689
1673,1674,1691
1673,1691,1690
1674,1675,1692
1674,1692,1691
1675,1676,1693
1675,1693,1692
1676,1677,1694
1676,1694,1693
1677,1678,1695
1677,1695,1694
1678,1679,1696
1678,1696,1695
1679,1680,1697
1679,1697,1696
1680,1681,1698
1680,1698,1697
1681,1682,1699
1681,1699,1698
1682,1683,1700
1682,1700,1699
1684,1685,1702
1684,1702,1701
1685,1686,1703
1685,1703,1702
1686,1687,1704
1686,1704,1703
1687,1688,1705
1687,1705,1704
1688,1689,1706
1688,1706,1705
1689,1690,1707
1689,1707,1706
1690,1691,1708
1690,1708,1707
1691,1692,1709
1691,1709,1708
1692,1693,1710
1692,1710,1709
1693,1694,1711
1693,1711,1710
1694,1695,1712
1694,1712,1711
1695,1696,1713
1695,1713,1712
1696,1697,1714
1696,1714,1713
1697,1698,1715
1697,1715,1714
1698,1699,1716
1698,1716,1715
1699,1700,1717
1699,1717,1716
1701,1702,1719
1701,1719,1718
1702,1703,1720
1702,1720,1719
1703,1704,1721
1703,1721,1720
1704,1705,1722
1704,1722,1721
1705,1706,1723
1705,1723,1722
1706,1707,1724
1706,1724,1723
1707,1708,1725
1707,1725,1724
1708,1709,1726
1708,1726,1725
1709,1710,1727
1709,1727,1726
1710,1711,1728
1710,1728,1727
1711,1712,1729
1711,1729,1728
1712,1713,1730
1712,1730,1729
1713,1714,1731
1713,1731,1730
1714,1715,1732
1714,1732,1731
1715,1716,1733
1715,1733,1732
1716,1717,1734
1716,1734,1733
