1,33,34
33,66,34
33,65,66
34,66,67
65,98,66
98,99,66
98,131,99
66,99,67
65,97,98
97,130,98
97,129,130
98,130,131
67,99,100
99,132,100
99,131,132
100,132,133
129,162,130
162,163,130
162,195,163
130,163,131
195,196,163
196,164,163
196,197,164
163,164,131
195,228,196
228,229,196
228,261,229
196,229,197
131,164,132
164,165,132
164,197,165
132,165,133
129,161,162
161,194,162
161,193,194
162,194,195
193,226,194
226,227,194
226,259,227
194,227,195
193,225,226
225,258,226
225,257,258
226,258,259
195,227,228
227,260,228
227,259,260
228,260,261
133,165,166
165,198,166
165,197,198
166,198,199
197,230,198
230,231,198
230,263,231
198,231,199
197,229,230
229,262,230
229,261,262
230,262,263
199,231,232
231,264,232
231,263,264
232,264,265
257,290,258
290,291,258
290,323,291
258,291,259
323,324,291
324,292,291
324,325,292
291,292,259
323,356,324
356,357,324
356,389,357
324,357,325
259,292,260
292,293,260
292,325,293
260,293,261
389,390,357
390,358,357
390,391,358
357,358,325
391,359,358
359,326,358
359,327,326
358,326,325
391,392,359
392,360,359
392,393,360
359,360,327
325,326,293
326,294,293
326,327,294
293,294,261
389,422,390
422,423,390
422,455,423
390,423,391
455,456,423
456,424,423
456,457,424
423,424,391
455,488,456
488,489,456
488,521,489
456,489,457
391,424,392
424,425,392
424,457,425
392,425,393
261,294,262
294,295,262
294,327,295
262,295,263
327,328,295
328,296,295
328,329,296
295,296,263
327,360,328
360,361,328
360,393,361
328,361,329
263,296,264
296,297,264
296,329,297
264,297,265
257,289,290
289,322,290
289,321,322
290,322,323
321,354,322
354,355,322
354,387,355
322,355,323
321,353,354
353,386,354
353,385,386
354,386,387
323,355,356
355,388,356
355,387,388
356,388,389
385,418,386
418,419,386
418,451,419
386,419,387
451,452,419
452,420,419
452,453,420
419,420,387
451,484,452
484,485,452
484,517,485
452,485,453
387,420,388
420,421,388
420,453,421
388,421,389
385,417,418
417,450,418
417,449,450
418,450,451
449,482,450
482,483,450
482,515,483
450,483,451
449,481,482
481,514,482
481,513,514
482,514,515
451,483,484
483,516,484
483,515,516
484,516,517
389,421,422
421,454,422
421,453,454
422,454,455
453,486,454
486,487,454
486,519,487
454,487,455
453,485,486
485,518,486
485,517,518
486,518,519
455,487,488
487,520,488
487,519,520
488,520,521
265,297,298
297,330,298
297,329,330
298,330,331
329,362,330
362,363,330
362,395,363
330,363,331
329,361,362
361,394,362
361,393,394
362,394,395
331,363,364
363,396,364
363,395,396
364,396,397
393,426,394
426,427,394
426,459,427
394,427,395
459,460,427
460,428,427
460,461,428
427,428,395
459,492,460
492,493,460
492,525,493
460,493,461
395,428,396
428,429,396
428,461,429
396,429,397
393,425,426
425,458,426
425,457,458
426,458,459
457,490,458
490,491,458
490,523,491
458,491,459
457,489,490
489,522,490
489,521,522
490,522,523
459,491,492
491,524,492
491,523,524
492,524,525
397,429,430
429,462,430
429,461,462
430,462,463
461,494,462
494,495,462
494,527,495
462,495,463
461,493,494
493,526,494
493,525,526
494,526,527
463,495,496
495,528,496
495,527,528
496,528,529
513,546,514
546,547,514
546,579,547
514,547,515
579,580,547
580,548,547
580,581,548
547,548,515
579,612,580
612,613,580
612,645,613
580,613,581
515,548,516
548,549,516
548,581,549
516,549,517
645,646,613
646,614,613
646,647,614
613,614,581
647,615,614
615,582,614
615,583,582
614,582,581
647,648,615
648,616,615
648,649,616
615,616,583
581,582,549
582,550,549
582,583,550
549,550,517
645,678,646
678,679,646
678,711,679
646,679,647
711,712,679
712,680,679
712,713,680
679,680,647
711,744,712
744,745,712
744,777,745
712,745,713
647,680,648
680,681,648
680,713,681
648,681,649
517,550,518
550,551,518
550,583,551
518,551,519
583,584,551
584,552,551
584,585,552
551,552,519
583,616,584
616,617,584
616,649,617
584,617,585
519,552,520
552,553,520
552,585,553
520,553,521
777,778,745
778,746,745
778,779,746
745,746,713
779,747,746
747,714,746
747,715,714
746,714,713
779,780,747
780,748,747
780,781,748
747,748,715
713,714,681
714,682,681
714,715,682
681,682,649
781,749,748
749,716,748
749,717,716
748,716,715
717,684,716
684,683,716
684,651,683
716,683,715
717,685,684
685,652,684
685,653,652
684,652,651
715,683,682
683,650,682
683,651,650
682,650,649
781,782,749
782,750,749
782,783,750
749,750,717
783,751,750
751,718,750
751,719,718
750,718,717
783,784,751
784,752,751
784,785,752
751,752,719
717,718,685
718,686,685
718,719,686
685,686,653
649,650,617
650,618,617
650,651,618
617,618,585
651,619,618
619,586,618
619,587,586
618,586,585
651,652,619
652,620,619
652,653,620
619,620,587
585,586,553
586,554,553
586,587,554
553,554,521
777,810,778
810,811,778
810,843,811
778,811,779
843,844,811
844,812,811
844,845,812
811,812,779
843,876,844
876,877,844
876,909,877
844,877,845
779,812,780
812,813,780
812,845,813
780,813,781
909,910,877
910,878,877
910,911,878
877,878,845
911,879,878
879,846,878
879,847,846
878,846,845
911,912,879
912,880,879
912,913,880
879,880,847
845,846,813
846,814,813
846,847,814
813,814,781
909,942,910
942,943,910
942,975,943
910,943,911
975,976,943
976,944,943
976,977,944
943,944,911
975,1008,976
1008,1009,976
1008,17,1009
976,1009,977
911,944,912
944,945,912
944,977,945
912,945,913
781,814,782
814,815,782
814,847,815
782,815,783
847,848,815
848,816,815
848,849,816
815,816,783
847,880,848
880,881,848
880,913,881
848,881,849
783,816,784
816,817,784
816,849,817
784,817,785
521,554,522
554,555,522
554,587,555
522,555,523
587,588,555
588,556,555
588,589,556
555,556,523
587,620,588
620,621,588
620,653,621
588,621,589
523,556,524
556,557,524
556,589,557
524,557,525
653,654,621
654,622,621
654,655,622
621,622,589
655,623,622
623,590,622
623,591,590
622,590,589
655,656,623
656,624,623
656,657,624
623,624,591
589,590,557
590,558,557
590,591,558
557,558,525
653,686,654
686,687,654
686,719,687
654,687,655
719,720,687
720,688,687
720,721,688
687,688,655
719,752,720
752,753,720
752,785,753
720,753,721
655,688,656
688,689,656
688,721,689
656,689,657
525,558,526
558,559,526
558,591,559
526,559,527
591,592,559
592,560,559
592,593,560
559,560,527
591,624,592
624,625,592
624,657,625
592,625,593
527,560,528
560,561,528
560,593,561
528,561,529
513,545,546
545,578,546
545,577,578
546,578,579
577,610,578
610,611,578
610,643,611
578,611,579
577,609,610
609,642,610
609,641,642
610,642,643
579,611,612
611,644,612
611,643,644
612,644,645
641,674,642
674,675,642
674,707,675
642,675,643
707,708,675
708,676,675
708,709,676
675,676,643
707,740,708
740,741,708
740,773,741
708,741,709
643,676,644
676,677,644
676,709,677
644,677,645
641,673,674
673,706,674
673,705,706
674,706,707
705,738,706
738,739,706
738,771,739
706,739,707
705,737,738
737,770,738
737,769,770
738,770,771
707,739,740
739,772,740
739,771,772
740,772,773
645,677,678
677,710,678
677,709,710
678,710,711
709,742,710
742,743,710
742,775,743
710,743,711
709,741,742
741,774,742
741,773,774
742,774,775
711,743,744
743,776,744
743,775,776
744,776,777
769,802,770
802,803,770
802,835,803
770,803,771
835,836,803
836,804,803
836,837,804
803,804,771
835,868,836
868,869,836
868,901,869
836,869,837
771,804,772
804,805,772
804,837,805
772,805,773
901,902,869
902,870,869
902,903,870
869,870,837
903,871,870
871,838,870
871,839,838
870,838,837
903,904,871
904,872,871
904,905,872
871,872,839
837,838,805
838,806,805
838,839,806
805,806,773
901,934,902
934,935,902
934,967,935
902,935,903
967,968,935
968,936,935
968,969,936
935,936,903
967,1000,968
1000,1001,968
1000,9,1001
968,1001,969
903,936,904
936,937,904
936,969,937
904,937,905
773,806,774
806,807,774
806,839,807
774,807,775
839,840,807
840,808,807
840,841,808
807,808,775
839,872,840
872,873,840
872,905,873
840,873,841
775,808,776
808,809,776
808,841,809
776,809,777
769,801,802
801,834,802
801,833,834
802,834,835
833,866,834
866,867,834
866,899,867
834,867,835
833,865,866
865,898,866
865,897,898
866,898,899
835,867,868
867,900,868
867,899,900
868,900,901
897,930,898
930,931,898
930,963,931
898,931,899
963,964,931
964,932,931
964,965,932
931,932,899
963,996,964
996,997,964
996,5,997
964,997,965
899,932,900
932,933,900
932,965,933
900,933,901
897,929,930
929,962,930
929,961,962
930,962,963
961,994,962
994,995,962
994,3,995
962,995,963
961,993,994
993,2,994
993,1,2
994,2,3
963,995,996
995,4,996
995,3,4
996,4,5
901,933,934
933,966,934
933,965,966
934,966,967
965,998,966
998,999,966
998,7,999
966,999,967
965,997,998
997,6,998
997,5,6
998,6,7
967,999,1000
999,8,1000
999,7,8
1000,8,9
777,809,810
809,842,810
809,841,842
810,842,843
841,874,842
874,875,842
874,907,875
842,875,843
841,873,874
873,906,874
873,905,906
874,906,907
843,875,876
875,908,876
875,907,908
876,908,909
905,938,906
938,939,906
938,971,939
906,939,907
971,972,939
972,940,939
972,973,940
939,940,907
971,1004,972
1004,1005,972
1004,13,1005
972,1005,973
907,940,908
940,941,908
940,973,941
908,941,909
905,937,938
937,970,938
937,969,970
938,970,971
969,1002,970
1002,1003,970
1002,11,1003
970,1003,971
969,1001,1002
1001,10,1002
1001,9,10
1002,10,11
971,1003,1004
1003,12,1004
1003,11,12
1004,12,13
909,941,942
941,974,942
941,973,974
942,974,975
973,1006,974
1006,1007,974
1006,15,1007
974,1007,975
973,1005,1006
1005,14,1006
1005,13,14
1006,14,15
975,1007,1008
1007,16,1008
1007,15,16
1008,16,17
529,561,562
561,594,562
561,593,594
562,594,595
593,626,594
626,627,594
626,659,627
594,627,595
593,625,626
625,658,626
625,657,658
626,658,659
595,627,628
627,660,628
627,659,660
628,660,661
657,690,658
690,691,658
690,723,691
658,691,659
723,724,691
724,692,691
724,725,692
691,692,659
723,756,724
756,757,724
756,789,757
724,757,725
659,692,660
692,693,660
692,725,693
660,693,661
657,689,690
689,722,690
689,721,722
690,722,723
721,754,722
754,755,722
754,787,755
722,755,723
721,753,754
753,786,754
753,785,786
754,786,787
723,755,756
755,788,756
755,787,788
756,788,789
661,693,694
693,726,694
693,725,726
694,726,727
725,758,726
758,759,726
758,791,759
726,759,727
725,757,758
757,790,758
757,789,790
758,790,791
727,759,760
759,792,760
759,791,792
760,792,793
785,818,786
818,819,786
818,851,819
786,819,787
851,852,819
852,820,819
852,853,820
819,820,787
851,884,852
884,885,852
884,917,885
852,885,853
787,820,788
820,821,788
820,853,821
788,821,789
917,918,885
918,886,885
918,919,886
885,886,853
919,887,886
887,854,886
887,855,854
886,854,853
919,920,887
920,888,887
920,921,888
887,888,855
853,854,821
854,822,821
854,855,822
821,822,789
917,950,918
950,951,918
950,983,951
918,951,919
983,984,951
984,952,951
984,985,952
951,952,919
983,1016,984
1016,1017,984
1016,25,1017
984,1017,985
919,952,920
952,953,920
952,985,953
920,953,921
789,822,790
822,823,790
822,855,823
790,823,791
855,856,823
856,824,823
856,857,824
823,824,791
855,888,856
888,889,856
888,921,889
856,889,857
791,824,792
824,825,792
824,857,825
792,825,793
785,817,818
817,850,818
817,849,850
818,850,851
849,882,850
882,883,850
882,915,883
850,883,851
849,881,882
881,914,882
881,913,914
882,914,915
851,883,884
883,916,884
883,915,916
884,916,917
913,946,914
946,947,914
946,979,947
914,947,915
979,980,947
980,948,947
980,981,948
947,948,915
979,1012,980
1012,1013,980
1012,21,1013
980,1013,981
915,948,916
948,949,916
948,981,949
916,949,917
913,945,946
945,978,946
945,977,978
946,978,979
977,1010,978
1010,1011,978
1010,19,1011
978,1011,979
977,1009,1010
1009,18,1010
1009,17,18
1010,18,19
979,1011,1012
1011,20,1012
1011,19,20
1012,20,21
917,949,950
949,982,950
949,981,982
950,982,983
981,1014,982
1014,1015,982
1014,23,1015
982,1015,983
981,1013,1014
1013,22,1014
1013,21,22
1014,22,23
983,1015,1016
1015,24,1016
1015,23,24
1016,24,25
793,825,826
825,858,826
825,857,858
826,858,859
857,890,858
890,891,858
890,923,891
858,891,859
857,889,890
889,922,890
889,921,922
890,922,923
859,891,892
891,924,892
891,923,924
892,924,925
921,954,922
954,955,922
954,987,955
922,955,923
987,988,955
988,956,955
988,989,956
955,956,923
987,1020,988
1020,1021,988
1020,29,1021
988,1021,989
923,956,924
956,957,924
956,989,957
924,957,925
921,953,954
953,986,954
953,985,986
954,986,987
985,1018,986
1018,1019,986
1018,27,1019
986,1019,987
985,1017,1018
1017,26,1018
1017,25,26
1018,26,27
987,1019,1020
1019,28,1020
1019,27,28
1020,28,29
925,957,958
957,990,958
957,989,990
958,990,991
989,1022,990
1022,1023,990
1022,31,1023
990,1023,991
989,1021,1022
1021,30,1022
1021,29,30
1022,30,31
991,1023,1024
1023,32,1024
1023,31,32
1024,32,1
1,34,2
34,35,2
34,67,35
2,35,3
67,68,35
68,36,35
68,69,36
35,36,3
67,100,68
100,101,68
100,133,101
68,101,69
3,36,4
36,37,4
36,69,37
4,37,5
133,134,101
134,102,101
134,135,102
101,102,69
135,103,102
103,70,102
103,71,70
102,70,69
135,136,103
136,104,103
136,137,104
103,104,71
69,70,37
70,38,37
70,71,38
37,38,5
133,166,134
166,167,134
166,199,167
134,167,135
199,200,167
200,168,167
200,201,168
167,168,135
199,232,200
232,233,200
232,265,233
200,233,201
135,168,136
168,169,136
168,201,169
136,169,137
5,38,6
38,39,6
38,71,39
6,39,7
71,72,39
72,40,39
72,73,40
39,40,7
71,104,72
104,105,72
104,137,105
72,105,73
7,40,8
40,41,8
40,73,41
8,41,9
265,266,233
266,234,233
266,267,234
233,234,201
267,235,234
235,202,234
235,203,202
234,202,201
267,268,235
268,236,235
268,269,236
235,236,203
201,202,169
202,170,169
202,203,170
169,170,137
269,237,236
237,204,236
237,205,204
236,204,203
205,172,204
172,171,204
172,139,171
204,171,203
205,173,172
173,140,172
173,141,140
172,140,139
203,171,170
171,138,170
171,139,138
170,138,137
269,270,237
270,238,237
270,271,238
237,238,205
271,239,238
239,206,238
239,207,206
238,206,205
271,272,239
272,240,239
272,273,240
239,240,207
205,206,173
206,174,173
206,207,174
173,174,141
137,138,105
138,106,105
138,139,106
105,106,73
139,107,106
107,74,106
107,75,74
106,74,73
139,140,107
140,108,107
140,141,108
107,108,75
73,74,41
74,42,41
74,75,42
41,42,9
265,298,266
298,299,266
298,331,299
266,299,267
331,332,299
332,300,299
332,333,300
299,300,267
331,364,332
364,365,332
364,397,365
332,365,333
267,300,268
300,301,268
300,333,301
268,301,269
397,398,365
398,366,365
398,399,366
365,366,333
399,367,366
367,334,366
367,335,334
366,334,333
399,400,367
400,368,367
400,401,368
367,368,335
333,334,301
334,302,301
334,335,302
301,302,269
397,430,398
430,431,398
430,463,431
398,431,399
463,464,431
464,432,431
464,465,432
431,432,399
463,496,464
496,497,464
496,529,497
464,497,465
399,432,400
432,433,400
432,465,433
400,433,401
269,302,270
302,303,270
302,335,303
270,303,271
335,336,303
336,304,303
336,337,304
303,304,271
335,368,336
368,369,336
368,401,369
336,369,337
271,304,272
304,305,272
304,337,305
272,305,273
9,42,10
42,43,10
42,75,43
10,43,11
75,76,43
76,44,43
76,77,44
43,44,11
75,108,76
108,109,76
108,141,109
76,109,77
11,44,12
44,45,12
44,77,45
12,45,13
141,142,109
142,110,109
142,143,110
109,110,77
143,111,110
111,78,110
111,79,78
110,78,77
143,144,111
144,112,111
144,145,112
111,112,79
77,78,45
78,46,45
78,79,46
45,46,13
141,174,142
174,175,142
174,207,175
142,175,143
207,208,175
208,176,175
208,209,176
175,176,143
207,240,208
240,241,208
240,273,241
208,241,209
143,176,144
176,177,144
176,209,177
144,177,145
13,46,14
46,47,14
46,79,47
14,47,15
79,80,47
80,48,47
80,81,48
47,48,15
79,112,80
112,113,80
112,145,113
80,113,81
15,48,16
48,49,16
48,81,49
16,49,17
529,530,497
530,498,497
530,531,498
497,498,465
531,499,498
499,466,498
499,467,466
498,466,465
531,532,499
532,500,499
532,533,500
499,500,467
465,466,433
466,434,433
466,467,434
433,434,401
533,501,500
501,468,500
501,469,468
500,468,467
469,436,468
436,435,468
436,403,435
468,435,467
469,437,436
437,404,436
437,405,404
436,404,403
467,435,434
435,402,434
435,403,402
434,402,401
533,534,501
534,502,501
534,535,502
501,502,469
535,503,502
503,470,502
503,471,470
502,470,469
535,536,503
536,504,503
536,537,504
503,504,471
469,470,437
470,438,437
470,471,438
437,438,405
401,402,369
402,370,369
402,403,370
369,370,337
403,371,370
371,338,370
371,339,338
370,338,337
403,404,371
404,372,371
404,405,372
371,372,339
337,338,305
338,306,305
338,339,306
305,306,273
537,505,504
505,472,504
505,473,472
504,472,471
473,440,472
440,439,472
440,407,439
472,439,471
473,441,440
441,408,440
441,409,408
440,408,407
471,439,438
439,406,438
439,407,406
438,406,405
409,376,408
376,375,408
376,343,375
408,375,407
343,342,375
342,374,375
342,341,374
375,374,407
343,310,342
310,309,342
310,277,309
342,309,341
407,374,406
374,373,406
374,341,373
406,373,405
409,377,376
377,344,376
377,345,344
376,344,343
345,312,344
312,311,344
312,279,311
344,311,343
345,313,312
313,280,312
313,281,280
312,280,279
343,311,310
311,278,310
311,279,278
310,278,277
405,373,372
373,340,372
373,341,340
372,340,339
341,308,340
308,307,340
308,275,307
340,307,339
341,309,308
309,276,308
309,277,276
308,276,275
339,307,306
307,274,306
307,275,274
306,274,273
537,538,505
538,506,505
538,539,506
505,506,473
539,507,506
507,474,506
507,475,474
506,474,473
539,540,507
540,508,507
540,541,508
507,508,475
473,474,441
474,442,441
474,475,442
441,442,409
541,509,508
509,476,508
509,477,476
508,476,475
477,444,476
444,443,476
444,411,443
476,443,475
477,445,444
445,412,444
445,413,412
444,412,411
475,443,442
443,410,442
443,411,410
442,410,409
541,542,509
542,510,509
542,543,510
509,510,477
543,511,510
511,478,510
511,479,478
510,478,477
543,544,511
544,512,511
544,513,512
511,512,479
477,478,445
478,446,445
478,479,446
445,446,413
409,410,377
410,378,377
410,411,378
377,378,345
411,379,378
379,346,378
379,347,346
378,346,345
411,412,379
412,380,379
412,413,380
379,380,347
345,346,313
346,314,313
346,347,314
313,314,281
273,274,241
274,242,241
274,275,242
241,242,209
275,243,242
243,210,242
243,211,210
242,210,209
275,276,243
276,244,243
276,277,244
243,244,211
209,210,177
210,178,177
210,211,178
177,178,145
277,245,244
245,212,244
245,213,212
244,212,211
213,180,212
180,179,212
180,147,179
212,179,211
213,181,180
181,148,180
181,149,148
180,148,147
211,179,178
179,146,178
179,147,146
178,146,145
277,278,245
278,246,245
278,279,246
245,246,213
279,247,246
247,214,246
247,215,214
246,214,213
279,280,247
280,248,247
280,281,248
247,248,215
213,214,181
214,182,181
214,215,182
181,182,149
145,146,113
146,114,113
146,147,114
113,114,81
147,115,114
115,82,114
115,83,82
114,82,81
147,148,115
148,116,115
148,149,116
115,116,83
81,82,49
82,50,49
82,83,50
49,50,17
529,562,530
562,563,530
562,595,563
530,563,531
595,596,563
596,564,563
596,597,564
563,564,531
595,628,596
628,629,596
628,661,629
596,629,597
531,564,532
564,565,532
564,597,565
532,565,533
661,662,629
662,630,629
662,663,630
629,630,597
663,631,630
631,598,630
631,599,598
630,598,597
663,664,631
664,632,631
664,665,632
631,632,599
597,598,565
598,566,565
598,599,566
565,566,533
661,694,662
694,695,662
694,727,695
662,695,663
727,728,695
728,696,695
728,729,696
695,696,663
727,760,728
760,761,728
760,793,761
728,761,729
663,696,664
696,697,664
696,729,697
664,697,665
533,566,534
566,567,534
566,599,567
534,567,535
599,600,567
600,568,567
600,601,568
567,568,535
599,632,600
632,633,600
632,665,633
600,633,601
535,568,536
568,569,536
568,601,569
536,569,537
793,794,761
794,762,761
794,795,762
761,762,729
795,763,762
763,730,762
763,731,730
762,730,729
795,796,763
796,764,763
796,797,764
763,764,731
729,730,697
730,698,697
730,731,698
697,698,665
797,765,764
765,732,764
765,733,732
764,732,731
733,700,732
700,699,732
700,667,699
732,699,731
733,701,700
701,668,700
701,669,668
700,668,667
731,699,698
699,666,698
699,667,666
698,666,665
797,798,765
798,766,765
798,799,766
765,766,733
799,767,766
767,734,766
767,735,734
766,734,733
799,800,767
800,768,767
800,769,768
767,768,735
733,734,701
734,702,701
734,735,702
701,702,669
665,666,633
666,634,633
666,667,634
633,634,601
667,635,634
635,602,634
635,603,602
634,602,601
667,668,635
668,636,635
668,669,636
635,636,603
601,602,569
602,570,569
602,603,570
569,570,537
793,826,794
826,827,794
826,859,827
794,827,795
859,860,827
860,828,827
860,861,828
827,828,795
859,892,860
892,893,860
892,925,893
860,893,861
795,828,796
828,829,796
828,861,829
796,829,797
925,926,893
926,894,893
926,927,894
893,894,861
927,895,894
895,862,894
895,863,862
894,862,861
927,928,895
928,896,895
928,897,896
895,896,863
861,862,829
862,830,829
862,863,830
829,830,797
925,958,926
958,959,926
958,991,959
926,959,927
991,992,959
992,960,959
992,961,960
959,960,927
991,1024,992
1024,993,992
1024,1,993
992,993,961
927,960,928
960,929,928
960,961,929
928,929,897
797,830,798
830,831,798
830,863,831
798,831,799
863,864,831
864,832,831
864,833,832
831,832,799
863,896,864
896,865,864
896,897,865
864,865,833
799,832,800
832,801,800
832,833,801
800,801,769
537,570,538
570,571,538
570,603,571
538,571,539
603,604,571
604,572,571
604,605,572
571,572,539
603,636,604
636,637,604
636,669,637
604,637,605
539,572,540
572,573,540
572,605,573
540,573,541
669,670,637
670,638,637
670,671,638
637,638,605
671,639,638
639,606,638
639,607,606
638,606,605
671,672,639
672,640,639
672,641,640
639,640,607
605,606,573
606,574,573
606,607,574
573,574,541
669,702,670
702,703,670
702,735,703
670,703,671
735,736,703
736,704,703
736,705,704
703,704,671
735,768,736
768,737,736
768,769,737
736,737,705
671,704,672
704,673,672
704,705,673
672,673,641
541,574,542
574,575,542
574,607,575
542,575,543
607,608,575
608,576,575
608,577,576
575,576,543
607,640,608
640,609,608
640,641,609
608,609,577
543,576,544
576,545,544
576,577,545
544,545,513
17,50,18
50,51,18
50,83,51
18,51,19
83,84,51
84,52,51
84,85,52
51,52,19
83,116,84
116,117,84
116,149,117
84,117,85
19,52,20
52,53,20
52,85,53
20,53,21
149,150,117
150,118,117
150,151,118
117,118,85
151,119,118
119,86,118
119,87,86
118,86,85
151,152,119
152,120,119
152,153,120
119,120,87
85,86,53
86,54,53
86,87,54
53,54,21
149,182,150
182,183,150
182,215,183
150,183,151
215,216,183
216,184,183
216,217,184
183,184,151
215,248,216
248,249,216
248,281,249
216,249,217
151,184,152
184,185,152
184,217,185
152,185,153
21,54,22
54,55,22
54,87,55
22,55,23
87,88,55
88,56,55
88,89,56
55,56,23
87,120,88
120,121,88
120,153,121
88,121,89
23,56,24
56,57,24
56,89,57
24,57,25
281,282,249
282,250,249
282,283,250
249,250,217
283,251,250
251,218,250
251,219,218
250,218,217
283,284,251
284,252,251
284,285,252
251,252,219
217,218,185
218,186,185
218,219,186
185,186,153
285,253,252
253,220,252
253,221,220
252,220,219
221,188,220
188,187,220
188,155,187
220,187,219
221,189,188
189,156,188
189,157,156
188,156,155
219,187,186
187,154,186
187,155,154
186,154,153
285,286,253
286,254,253
286,287,254
253,254,221
287,255,254
255,222,254
255,223,222
254,222,221
287,288,255
288,256,255
288,257,256
255,256,223
221,222,189
222,190,189
222,223,190
189,190,157
153,154,121
154,122,121
154,155,122
121,122,89
155,123,122
123,90,122
123,91,90
122,90,89
155,156,123
156,124,123
156,157,124
123,124,91
89,90,57
90,58,57
90,91,58
57,58,25
281,314,282
314,315,282
314,347,315
282,315,283
347,348,315
348,316,315
348,349,316
315,316,283
347,380,348
380,381,348
380,413,381
348,381,349
283,316,284
316,317,284
316,349,317
284,317,285
413,414,381
414,382,381
414,415,382
381,382,349
415,383,382
383,350,382
383,351,350
382,350,349
415,416,383
416,384,383
416,385,384
383,384,351
349,350,317
350,318,317
350,351,318
317,318,285
413,446,414
446,447,414
446,479,447
414,447,415
479,480,447
480,448,447
480,449,448
447,448,415
479,512,480
512,481,480
512,513,481
480,481,449
415,448,416
448,417,416
448,449,417
416,417,385
285,318,286
318,319,286
318,351,319
286,319,287
351,352,319
352,320,319
352,321,320
319,320,287
351,384,352
384,353,352
384,385,353
352,353,321
287,320,288
320,289,288
320,321,289
288,289,257
25,58,26
58,59,26
58,91,59
26,59,27
91,92,59
92,60,59
92,93,60
59,60,27
91,124,92
124,125,92
124,157,125
92,125,93
27,60,28
60,61,28
60,93,61
28,61,29
157,158,125
158,126,125
158,159,126
125,126,93
159,127,126
127,94,126
127,95,94
126,94,93
159,160,127
160,128,127
160,129,128
127,128,95
93,94,61
94,62,61
94,95,62
61,62,29
157,190,158
190,191,158
190,223,191
158,191,159
223,224,191
224,192,191
224,193,192
191,192,159
223,256,224
256,225,224
256,257,225
224,225,193
159,192,160
192,161,160
192,193,161
160,161,129
29,62,30
62,63,30
62,95,63
30,63,31
95,96,63
96,64,63
96,65,64
63,64,31
95,128,96
128,97,96
128,129,97
96,97,65
31,64,32
64,33,32
64,65,33
32,33,1
