-0.081267,-0.064704,-0.994590
0.095918,-0.103060,-0.990040
-0.196520,0.048816,-0.979280
0.039524,0.061874,-0.997300
0.103770,-0.528860,-0.842340
-0.211050,-0.542380,-0.813200
-0.055407,-0.474860,-0.878320
0.050585,-0.371040,-0.927240
0.235960,-0.409910,-0.881080
0.383390,-0.456860,-0.802680
-0.484640,-0.332790,-0.808940
-0.335690,-0.287010,-0.897190
-0.194890,-0.394010,-0.898210
-0.026402,-0.228730,-0.973130
0.155370,-0.261920,-0.952500
0.385420,-0.283310,-0.878170
-0.441760,-0.157410,-0.883210
-0.181940,-0.233370,-0.955210
0.273070,-0.170780,-0.946710
0.391870,-0.092750,-0.915340
0.532480,-0.174730,-0.828210
-0.541830,-0.007718,-0.840450
-0.384320,0.013984,-0.923100
-0.270720,-0.103870,-0.957040
0.229960,0.014767,-0.973090
0.361490,0.095873,-0.927440
0.509220,0.001717,-0.860640
-0.476680,0.167900,-0.862900
-0.310160,0.178790,-0.933720
-0.122490,0.192540,-0.973610
0.050651,0.213740,-0.975580
0.221380,0.208960,-0.952540
0.375780,0.281480,-0.882930
0.496340,0.170140,-0.851290
-0.404660,0.338540,-0.849500
-0.246190,0.340580,-0.907410
-0.083885,0.348580,-0.933520
0.089498,0.364770,-0.926790
0.246890,0.381630,-0.890730
0.413230,0.426720,-0.804460
-0.171500,0.496050,-0.851190
0.000677,0.501720,-0.865030
0.271990,0.524980,-0.806480
-0.017909,-0.750610,-0.660510
0.126700,-0.681470,-0.720800
0.294180,-0.709950,-0.639860
-0.367940,-0.590850,-0.717990
-0.191500,-0.674710,-0.712810
-0.041890,-0.621650,-0.782180
0.249090,-0.577060,-0.777790
0.391590,-0.594960,-0.701920
-0.505170,-0.500600,-0.703000
-0.356010,-0.449770,-0.819130
0.530990,-0.496470,-0.686700
-0.613370,-0.378780,-0.693040
0.524970,-0.350100,-0.775780
0.658580,-0.262960,-0.705070
-0.669360,-0.058974,-0.740590
-0.587850,-0.198650,-0.784200
0.648930,-0.068030,-0.757800
-0.739960,0.070589,-0.668940
0.625660,0.087118,-0.775220
-0.687480,0.261890,-0.677330
-0.619850,0.135790,-0.772880
0.674370,0.228370,-0.702190
-0.554650,0.315840,-0.769810
0.545780,0.316460,-0.775870
-0.483520,0.481930,-0.730720
-0.330650,0.492520,-0.805050
0.395840,0.592170,-0.701890
0.541190,0.479670,-0.690670
-0.240190,0.636710,-0.732740
-0.066505,0.632340,-0.771830
0.118160,0.600020,-0.791210
0.238120,0.679690,-0.693780
0.012049,-0.851740,-0.523830
-0.477320,-0.684850,-0.550580
-0.335570,-0.707860,-0.621550
-0.165660,-0.791910,-0.587740
0.164100,-0.792910,-0.586830
0.352830,-0.788090,-0.504410
-0.594350,-0.564830,-0.572460
0.474330,-0.659840,-0.582780
0.609540,-0.582730,-0.537470
-0.711270,-0.424260,-0.560450
0.675130,-0.415240,-0.609730
-0.709180,-0.244070,-0.661430
0.781620,-0.250420,-0.571280
-0.785430,-0.106710,-0.609690
0.759810,-0.096091,-0.643000
-0.848270,0.019871,-0.529190
0.748100,0.082453,-0.658440
-0.796550,0.195900,-0.571950
0.802110,0.227690,-0.552070
-0.749370,0.370910,-0.548520
0.677400,0.366130,-0.638030
-0.622910,0.441950,-0.645500
0.644180,0.524060,-0.557130
-0.557420,0.592760,-0.581300
-0.400800,0.627550,-0.667490
0.353180,0.740630,-0.571600
0.501350,0.642890,-0.579090
-0.293260,0.755630,-0.585690
-0.125550,0.749920,-0.649510
0.063038,0.724460,-0.686430
0.186360,0.802090,-0.567380
-0.316590,-0.805380,-0.501130
-0.144870,-0.884390,-0.443700
0.026062,-0.929050,-0.369040
0.179350,-0.879580,-0.440650
0.315650,-0.875340,-0.366250
-0.584240,-0.697120,-0.415550
-0.449350,-0.802350,-0.392840
0.522500,-0.730600,-0.439570
-0.695490,-0.572480,-0.434230
0.664230,-0.649370,-0.370290
-0.812620,-0.406880,-0.417240
0.725330,-0.515770,-0.455940
0.799520,-0.378950,-0.466020
-0.815960,-0.267550,-0.512470
0.885430,-0.227500,-0.405280
-0.889320,-0.122960,-0.440440
0.857280,-0.098648,-0.505320
-0.885430,0.144830,-0.441630
0.873010,0.084682,-0.480300
-0.853100,0.305900,-0.422670
0.885580,0.260280,-0.384720
-0.806150,0.460950,-0.371010
0.774510,0.382840,-0.503560
-0.696190,0.528970,-0.485290
0.729450,0.541290,-0.418220
-0.621710,0.664830,-0.414110
-0.462020,0.721920,-0.515150
0.462610,0.771730,-0.436370
0.598270,0.665420,-0.446420
-0.350620,0.832240,-0.429470
-0.213020,0.910440,-0.354580
-0.167600,0.849020,-0.501070
0.009756,0.829260,-0.558780
0.146680,0.892790,-0.425930
0.312860,0.848490,-0.426830
-0.542420,-0.801630,-0.251350
-0.288490,-0.888610,-0.356580
-0.214280,-0.950530,-0.224910
-0.037641,-0.973770,-0.224400
0.161030,-0.952420,-0.258780
0.336070,-0.917440,-0.212980
-0.686590,-0.678030,-0.262440
0.469060,-0.827410,-0.308840
0.613630,-0.751590,-0.242010
-0.785370,-0.532970,-0.314850
0.737560,-0.645330,-0.198890
-0.881030,-0.401690,-0.249840
0.796190,-0.516830,-0.314600
-0.902440,-0.261670,-0.342260
0.876150,-0.377220,-0.300110
0.939390,-0.244700,-0.240130
-0.958930,-0.119300,-0.257320
0.938270,-0.066096,-0.339540
-0.934700,0.015009,-0.355110
0.935610,0.108150,-0.336070
-0.940930,0.181560,-0.285800
0.956300,0.216720,-0.196290
-0.902400,0.349080,-0.252620
0.828040,0.433550,-0.355510
0.901610,0.366120,-0.230340
-0.739430,0.598930,-0.307460
0.804250,0.546640,-0.233160
-0.648810,0.723650,-0.235330
0.591460,0.747280,-0.302890
-0.511430,0.777940,-0.365030
-0.377150,0.889750,-0.257090
0.275720,0.921780,-0.272600
0.443790,0.850550,-0.282170
-0.234110,0.954430,-0.185070
-0.074251,0.967400,-0.242120
-0.022147,0.914200,-0.404650
0.094573,0.959720,-0.264580
-0.112980,-0.991440,-0.065474
0.071913,-0.991960,-0.104140
-0.471870,-0.877770,-0.082877
-0.392410,-0.890870,-0.228850
0.235140,-0.968560,-0.081245
0.391090,-0.918480,-0.058693
0.507430,-0.850730,-0.136970
-0.752170,-0.652830,-0.089742
-0.625150,-0.773170,-0.106740
0.644910,-0.761560,-0.064180
-0.816720,-0.551650,-0.169260
0.842010,-0.517400,-0.152740
-0.910050,-0.407080,-0.078056
0.922860,-0.368430,-0.112180
-0.953370,-0.253300,-0.164100
0.977830,-0.202100,-0.054801
-0.992660,-0.099103,-0.069272
0.979450,-0.101150,-0.174490
-0.982670,0.035441,-0.181970
0.991590,0.123330,-0.039118
0.981890,0.047046,-0.183520
-0.970000,0.205950,-0.129160
0.961600,0.274320,-0.008911
-0.924110,0.373800,-0.079347
0.875860,0.473070,-0.095326
-0.844980,0.499830,-0.190200
0.779670,0.623040,-0.062742
-0.742830,0.659460,-0.115400
0.701240,0.688560,-0.184790
-0.525070,0.824680,-0.210240
-0.443130,0.893180,-0.076642
0.392830,0.910190,-0.131330
0.557870,0.815870,-0.152140
-0.300860,0.952790,-0.040970
-0.126560,0.990650,-0.050882
0.029408,0.994710,-0.098393
0.213550,0.969200,-0.122630
-0.194560,-0.977520,0.081244
-0.013569,-0.997260,0.072733
-0.553920,-0.830980,0.051461
-0.383210,-0.920940,0.070833
-0.292290,-0.953770,-0.069902
0.164740,-0.984560,0.059099
0.334680,-0.938650,0.083202
0.515880,-0.855000,0.053215
-0.705560,-0.707030,0.047888
0.662490,-0.742280,0.100610
-0.841880,-0.539280,0.020394
0.770300,-0.637260,-0.023284
-0.922460,-0.372360,0.102030
0.872120,-0.488880,0.020075
-0.967360,-0.253400,0.000884
0.945040,-0.321150,0.061358
-0.990350,-0.098927,0.097046
0.982290,-0.135000,0.129890
-0.998250,0.058940,-0.005617
0.999590,-0.028443,0.002461
-0.971910,0.233210,0.031608
0.982730,0.137660,0.123640
-0.910910,0.404400,0.081830
0.908420,0.413240,0.063314
-0.841830,0.539240,-0.023482
0.828230,0.553500,0.087578
-0.726320,0.685820,0.045926
0.653700,0.756380,-0.023771
0.722870,0.681230,0.115660
-0.614750,0.786250,-0.062430
-0.513660,0.854230,0.080234
0.498640,0.866810,0.002350
-0.363810,0.924790,0.111380
-0.198090,0.973390,0.115210
-0.027557,0.995500,0.090675
0.143550,0.989040,0.034630
0.320050,0.947210,0.019273
-0.470800,-0.858140,0.204790
-0.285650,-0.931230,0.226310
-0.109330,-0.968160,0.225190
0.063783,-0.973190,0.220990
0.235650,-0.945860,0.223190
0.391190,-0.886300,0.247890
0.543220,-0.807670,0.229300
-0.689770,-0.648800,0.321360
-0.631370,-0.753000,0.185380
0.688620,-0.682540,0.244810
-0.768630,-0.615020,0.175950
0.794470,-0.589890,0.144400
-0.857910,-0.479930,0.183440
0.888360,-0.419340,0.187010
-0.953110,-0.233480,0.192550
0.940150,-0.257570,0.223100
-0.964870,-0.054104,0.257080
0.938470,-0.134770,0.317970
-0.984360,0.080644,0.156650
0.976450,0.004357,0.215690
-0.943230,0.272360,0.190120
0.937890,0.169620,0.302640
-0.865870,0.427850,0.259270
0.862020,0.449840,0.233600
0.939060,0.294000,0.178120
-0.821890,0.550920,0.144890
0.764410,0.589360,0.261400
-0.708580,0.674760,0.206440
0.641840,0.709830,0.290130
-0.579730,0.782370,0.227630
-0.422770,0.867430,0.262370
0.430660,0.888290,0.159600
0.587250,0.796940,0.141550
-0.254910,0.926880,0.275510
-0.082438,0.961910,0.260630
0.091662,0.974380,0.205380
0.261010,0.947430,0.185090
-0.386260,-0.850750,0.356400
-0.203290,-0.902040,0.380780
-0.039771,-0.925880,0.375710
0.135960,-0.920030,0.367510
0.297880,-0.869320,0.394390
0.450630,-0.799030,0.398100
-0.554060,-0.763600,0.331560
0.587780,-0.710820,0.386320
-0.790730,-0.506670,0.343560
0.715730,-0.586970,0.378420
-0.886680,-0.352740,0.298940
0.817300,-0.495780,0.293640
-0.908080,-0.188570,0.373930
0.875990,-0.319930,0.360950
-0.921250,0.004733,0.388940
0.872920,-0.147580,0.465000
-0.940960,0.144170,0.306290
-0.869410,0.134110,0.475550
0.922890,0.026437,0.384170
-0.877870,0.296730,0.375900
0.864210,0.167890,0.474290
-0.789950,0.427900,0.439190
0.871600,0.321320,0.370240
-0.766450,0.552500,0.327560
0.792680,0.467100,0.391750
-0.640720,0.669140,0.376470
0.665970,0.609070,0.430730
-0.498400,0.777110,0.384320
-0.312240,0.851950,0.420340
-0.147420,0.890600,0.430230
0.181070,0.921600,0.343310
0.351680,0.875870,0.330430
0.499980,0.810700,0.304610
0.018160,0.923100,0.384130
-0.139960,-0.829490,0.540700
0.021649,-0.859060,0.511420
0.197650,-0.826670,0.526830
-0.472790,-0.745840,0.469250
-0.311590,-0.799050,0.514220
0.350970,-0.761030,0.545570
0.497840,-0.674560,0.545090
-0.609110,-0.637320,0.472030
0.638710,-0.576010,0.510160
-0.708050,-0.490860,0.507650
0.775770,-0.440210,0.452100
-0.819680,-0.359960,0.445600
0.800240,-0.289680,0.525080
-0.822260,-0.212380,0.528000
0.768340,-0.152150,0.621700
-0.854400,-0.053184,0.516890
0.842910,0.005466,0.538030
-0.796770,0.272450,0.539380
0.772790,0.160640,0.613990
-0.687020,0.403120,0.604570
0.600500,0.466160,0.649680
0.787910,0.320380,0.525880
-0.677260,0.538430,0.501410
0.550290,0.608670,0.571570
0.698410,0.475530,0.534870
-0.548800,0.649470,0.526310
-0.403330,0.755200,0.516720
0.533010,0.721660,0.441700
-0.228270,0.782150,0.579780
-0.055621,0.833290,0.550040
0.118430,0.853180,0.508000
0.286230,0.832130,0.475010
0.409470,0.740730,0.532590
-0.260010,-0.709410,0.655090
-0.089225,-0.723040,0.685020
0.066740,-0.765830,0.639570
0.236550,-0.703880,0.669770
-0.559450,-0.555370,0.615280
-0.427280,-0.670920,0.606060
0.399050,-0.619210,0.676270
0.542440,-0.525120,0.655750
-0.630960,-0.406820,0.660590
-0.385520,-0.567720,0.727370
0.554330,-0.382480,0.739210
0.680270,-0.430530,0.593180
-0.704830,-0.240520,0.667350
0.679770,-0.290950,0.673250
-0.755020,-0.077142,0.651150
0.653550,-0.122140,0.746970
-0.782360,0.095807,0.615410
0.742440,0.010866,0.669820
-0.688180,0.240320,0.684590
0.650290,0.177360,0.738700
-0.557490,0.380800,0.737700
0.674030,0.326470,0.662640
-0.555380,0.522380,0.647050
-0.417770,0.515830,0.747920
0.491580,0.414840,0.765680
-0.415500,0.644320,0.642030
-0.263170,0.650180,0.712750
-0.091399,0.716920,0.691140
0.079285,0.758560,0.646760
0.245180,0.740350,0.625910
0.391300,0.633990,0.667040
-0.213040,-0.591080,0.777970
-0.058021,-0.595670,0.801130
0.090149,-0.651990,0.752850
0.261400,-0.570790,0.778370
-0.484510,-0.413650,0.770810
-0.315340,-0.454880,0.832850
-0.069416,-0.453640,0.888480
0.102270,-0.515370,0.850840
0.248420,-0.420070,0.872830
0.410540,-0.474240,0.778820
-0.565520,-0.260380,0.782550
-0.387950,-0.297220,0.872450
0.398590,-0.325300,0.857500
0.540110,-0.230400,0.809440
-0.631260,-0.097301,0.769450
-0.474960,-0.137510,0.869200
0.370270,-0.162680,0.914570
0.498040,-0.073388,0.864040
-0.666710,0.076388,0.741390
-0.537010,0.047112,0.842260
-0.111340,0.095658,0.989170
0.609850,0.030488,0.791930
-0.552240,0.222360,0.803480
-0.413130,0.187900,0.891070
0.348570,0.194340,0.916910
0.489630,0.107620,0.865260
-0.417850,0.364880,0.832020
-0.281850,0.315540,0.906090
-0.134980,0.426680,0.894270
0.040289,0.509330,0.859630
0.198010,0.445130,0.873300
0.354590,0.353460,0.865640
0.514510,0.261460,0.816650
-0.273800,0.493810,0.825340
-0.117170,0.584050,0.803220
0.060484,0.641120,0.765050
0.222360,0.612940,0.758190
0.348600,0.509840,0.786470
-0.206580,-0.369180,0.906110
-0.073636,-0.271230,0.959690
0.076040,-0.357880,0.930670
0.223590,-0.255310,0.940650
-0.239670,-0.203690,0.949250
-0.079118,-0.084643,0.993270
0.063945,-0.168530,0.983620
0.204420,-0.079121,0.975680
-0.388290,0.003996,0.921530
-0.232150,-0.035185,0.972040
0.048000,0.023574,0.998570
0.193570,0.097271,0.976250
0.351690,0.015819,0.935980
-0.269470,0.135380,0.953450
-0.134800,0.260900,0.955910
0.035173,0.195160,0.980140
0.192720,0.270150,0.943330
0.030536,0.358260,0.933120
0.221170,0.289610,0.784330
0.078469,0.149800,0.823600
-0.092088,0.239900,0.844160
-0.233830,0.165500,0.801950
0.371030,0.016117,0.768550
0.234240,0.105950,0.824290
0.070161,-0.026834,0.856520
-0.225000,0.007557,0.812230
0.236030,-0.081834,0.833270
0.075733,-0.202370,0.844270
-0.109600,-0.129250,0.855750
-0.318080,-0.129930,0.837480
0.258350,-0.256410,0.791040
0.125040,-0.351530,0.763470
-0.058288,-0.290900,0.796710
-0.233740,-0.274490,0.778200
0.284510,0.506250,0.612940
0.140340,0.600020,0.603520
-0.003460,0.536100,0.670860
-0.161750,0.483570,0.670310
-0.295080,0.496720,0.639970
0.449690,0.468430,0.619750
0.334750,0.358660,0.685670
0.162180,0.457290,0.722180
0.043218,0.358460,0.653560
-0.066636,0.396730,0.770100
-0.240700,0.342220,0.747490
-0.410130,0.375050,0.638760
0.511190,0.287170,0.652200
0.372770,0.204590,0.754400
0.205310,0.201600,0.670640
0.076725,0.308450,0.797410
-0.066058,0.204920,0.716730
-0.218820,0.205170,0.643640
-0.384490,0.236480,0.721720
-0.523670,0.132570,0.662040
0.494670,0.116410,0.682760
0.412020,-0.004082,0.571780
0.307980,0.092520,0.638360
0.150290,0.022227,0.713560
-0.072048,0.054684,0.839070
-0.289360,0.077917,0.629870
-0.385280,0.070133,0.766220
-0.616200,0.002876,0.604960
0.497410,-0.073419,0.693690
0.379050,-0.163530,0.746730
0.275060,-0.082376,0.648190
0.147410,-0.154420,0.714640
-0.013671,-0.100200,0.728230
-0.313340,-0.082122,0.686280
-0.479600,-0.070753,0.724930
-0.570250,-0.160590,0.609430
0.573780,-0.200050,0.618800
0.419230,-0.301100,0.682680
0.246880,-0.259420,0.623690
0.043058,-0.251070,0.649740
-0.102790,-0.296800,0.631580
-0.169010,-0.146730,0.708150
-0.408770,-0.233990,0.713450
-0.524190,-0.303550,0.619700
0.388230,-0.436990,0.600190
0.272840,-0.408670,0.699690
-0.001702,-0.440020,0.715840
-0.165570,-0.435140,0.730340
-0.325280,-0.385330,0.678760
0.170800,-0.519800,0.660140
0.027691,-0.574480,0.620650
-0.119540,-0.556180,0.616390
-0.276650,-0.541240,0.608490
0.272140,0.640100,0.497430
0.142060,0.711780,0.463010
-0.009452,0.663410,0.534590
-0.152560,0.611660,0.574020
-0.302910,0.639910,0.511840
0.409860,0.569530,0.485610
0.243730,0.481790,0.449220
0.110380,0.462460,0.538550
-0.046839,0.477920,0.512280
-0.208640,0.471600,0.478870
-0.398580,0.513420,0.525100
-0.524980,0.444810,0.500360
0.678260,0.337260,0.419300
0.373290,0.374650,0.496680
0.208140,0.336620,0.581370
0.032101,0.311810,0.498960
-0.111830,0.342040,0.603620
-0.261740,0.339090,0.561740
-0.365470,0.348280,0.456640
-0.549220,0.293600,0.619640
0.650490,0.201010,0.544030
0.539320,0.325820,0.513100
0.377500,0.226300,0.574770
0.253400,0.208620,0.486160
0.078313,0.191600,0.635960
-0.079309,0.174390,0.553350
-0.246730,0.189360,0.465700
-0.387640,0.192320,0.560890
-0.503260,0.264370,0.495010
-0.657420,0.170930,0.526730
0.619120,0.026732,0.613650
0.508750,0.135980,0.518440
0.339170,0.063583,0.456160
0.175960,0.046723,0.554610
0.008369,0.044660,0.664660
-0.145080,0.030608,0.666160
-0.359950,0.032509,0.465960
-0.441710,0.009171,0.595650
-0.526370,0.100870,0.467080
-0.716200,0.030055,0.466060
0.699140,-0.110780,0.507950
0.539550,-0.060886,0.511860
0.408860,-0.182120,0.568640
0.267450,-0.108640,0.492830
0.092688,-0.097968,0.566490
-0.082042,-0.113960,0.570350
-0.252950,-0.089353,0.539340
-0.418140,-0.145230,0.546900
-0.541080,-0.053227,0.455090
-0.683860,-0.137520,0.491420
0.670010,-0.275980,0.471920
0.518850,-0.229940,0.443990
0.353660,-0.289760,0.474010
0.163830,-0.238680,0.495440
0.000565,-0.249780,0.482330
-0.170760,-0.241310,0.463670
-0.269220,-0.243580,0.602710
-0.411540,-0.316630,0.534520
-0.682960,-0.312420,0.525620
0.526290,-0.352120,0.555020
0.247850,-0.406510,0.512940
0.106680,-0.385160,0.589020
-0.023884,-0.427820,0.523150
-0.194370,-0.391840,0.542290
-0.342500,-0.440740,0.482630
-0.447380,-0.473260,0.616360
-0.551700,-0.423190,0.488180
0.483960,-0.505020,0.499370
0.309960,-0.581650,0.559540
0.133830,-0.535720,0.475560
-0.044530,-0.567340,0.429730
-0.184180,-0.512780,0.438650
-0.317980,-0.631100,0.472110
-0.458630,-0.563190,0.457470
0.166020,-0.666730,0.530310
-0.000286,-0.687140,0.512760
-0.168710,-0.673130,0.511130
-0.000710,0.760440,0.383650
0.496260,0.612280,0.330730
0.363510,0.703630,0.359720
0.182470,0.782390,0.329410
0.096870,0.568660,0.416890
-0.172940,0.713460,0.436960
-0.331900,0.720160,0.337240
-0.454350,0.605230,0.394180
0.638930,0.500380,0.329480
0.536890,0.471350,0.452040
0.373690,0.491150,0.347170
0.243480,0.619310,0.320350
0.032995,0.433500,0.356740
-0.076481,0.593150,0.388520
-0.268470,0.549580,0.377760
-0.393510,0.462130,0.346990
-0.606710,0.491490,0.370260
0.676740,0.356730,0.268490
0.497270,0.339210,0.338460
0.314130,0.337480,0.348260
0.171980,0.340900,0.403580
0.052705,0.258620,0.327570
-0.116950,0.329130,0.427920
-0.252630,0.348840,0.349460
-0.376690,0.319470,0.238240
-0.514520,0.334560,0.347800
-0.659260,0.328440,0.455990
0.756000,0.169080,0.372910
0.597200,0.203270,0.366240
0.412520,0.209970,0.399190
0.226000,0.173280,0.323360
0.099095,0.175600,0.471490
-0.074085,0.181000,0.399720
-0.225850,0.193960,0.304890
-0.397530,0.193610,0.368260
-0.592890,0.197570,0.341380
-0.757690,0.180870,0.367480
0.777640,-0.024707,0.358730
0.680850,0.058908,0.459460
0.510500,0.050736,0.380260
0.352000,0.064363,0.291360
0.186730,0.036434,0.398320
0.006232,0.032042,0.490060
-0.171230,0.040055,0.488910
-0.293510,0.044568,0.331660
-0.467760,0.038485,0.306320
-0.648710,0.047263,0.328310
0.762380,-0.195700,0.349190
0.604250,-0.096155,0.366350
0.411750,-0.097620,0.399310
0.276170,-0.075244,0.319190
0.108800,-0.102140,0.392580
-0.058417,-0.101180,0.408360
-0.235390,-0.098399,0.383210
-0.411510,-0.110260,0.371590
-0.601530,-0.116250,0.321360
-0.780800,-0.070148,0.347230
0.722660,-0.353820,0.290390
0.585200,-0.254930,0.303420
0.409410,-0.220760,0.297830
0.239020,-0.228950,0.348040
0.056561,-0.245340,0.318300
-0.102800,-0.230220,0.306930
-0.338840,-0.255380,0.428760
-0.443670,-0.248450,0.284630
-0.542570,-0.242330,0.432990
-0.740110,-0.228740,0.354070
0.618050,-0.419680,0.407800
0.454910,-0.384380,0.370630
0.295080,-0.372920,0.319620
0.123290,-0.370910,0.405940
0.038347,-0.471840,0.329920
-0.075875,-0.372190,0.376380
-0.242390,-0.376600,0.349860
-0.458070,-0.396790,0.360030
-0.615530,-0.505580,0.349340
-0.662080,-0.367660,0.355410
0.533880,-0.549620,0.340070
0.325430,-0.500660,0.423800
0.203470,-0.518350,0.317430
0.094930,-0.652660,0.337430
-0.039629,-0.644730,0.269720
-0.199340,-0.633440,0.313770
-0.330020,-0.522110,0.323200
-0.506700,-0.589010,0.310670
0.417640,-0.636480,0.412200
0.260030,-0.681460,0.400190
0.110660,-0.781350,0.392520
-0.071229,-0.757630,0.384050
-0.241400,-0.763920,0.372180
-0.383780,-0.682830,0.315340
0.311030,0.775860,0.208610
0.054209,0.825130,0.222280
-0.148620,0.796900,0.307160
-0.266520,0.803260,0.184570
0.589590,0.613270,0.181670
0.447960,0.700500,0.182460
0.206610,0.714680,0.165660
0.082139,0.637740,0.280450
-0.065777,0.674660,0.225490
-0.208120,0.631610,0.263320
-0.419640,0.725580,0.179330
-0.538200,0.631890,0.259260
0.678030,0.475220,0.152540
0.508290,0.464180,0.248370
0.348440,0.577160,0.202790
0.192540,0.469840,0.273340
0.029542,0.512190,0.190120
-0.114500,0.478490,0.299040
-0.249330,0.452900,0.213650
-0.364270,0.582410,0.215110
-0.506960,0.469760,0.248610
-0.666550,0.501740,0.199430
0.538320,0.327580,0.164120
0.354020,0.408100,0.182230
0.200810,0.310670,0.217850
0.047103,0.356320,0.189230
-0.097406,0.328040,0.257550
-0.224650,0.274880,0.159040
-0.413510,0.442600,0.129630
-0.572920,0.335290,0.189020
-0.703200,0.354760,0.300650
0.801850,0.273920,0.246430
0.672150,0.191580,0.199850
0.504180,0.157250,0.241650
0.374450,0.246080,0.227290
0.251800,0.156820,0.145770
0.091296,0.174340,0.193070
-0.081230,0.170900,0.229000
-0.349850,0.155500,0.193980
-0.502810,0.190630,0.211650
-0.683910,0.191480,0.186310
-0.810090,0.252850,0.217710
0.819970,0.093098,0.222530
0.651970,0.043118,0.257990
0.543060,0.084905,0.103340
0.368680,0.066545,0.142130
0.179610,0.016061,0.205850
0.054258,0.071822,0.325050
-0.113450,0.037735,0.331420
-0.221760,0.035972,0.185700
-0.341530,-0.092300,0.215210
-0.598560,0.043689,0.191060
-0.802400,0.051524,0.234930
0.809060,-0.076739,0.200850
0.604180,-0.067499,0.102210
0.487870,-0.047418,0.238970
0.329220,-0.105330,0.178820
0.157510,-0.159280,0.205840
0.018992,-0.078093,0.249600
-0.148400,-0.089064,0.232780
-0.267910,-0.221890,0.285790
-0.511260,-0.111760,0.200920
-0.696250,-0.078706,0.175200
-0.826260,-0.144850,0.203250
0.795740,-0.257060,0.181730
0.665120,-0.129340,0.222270
0.497830,-0.207560,0.153280
0.283690,-0.270480,0.171750
0.149930,-0.359070,0.228060
-0.032519,-0.203960,0.148680
-0.171680,-0.336650,0.192710
-0.318720,-0.258920,0.132870
-0.482430,-0.255210,0.120630
-0.605810,-0.271910,0.247590
-0.772710,-0.301670,0.195510
0.727990,-0.426570,0.127590
0.554860,-0.387630,0.230420
0.414740,-0.359710,0.177770
0.253350,-0.465570,0.151810
-0.006056,-0.358070,0.188900
-0.116430,-0.494160,0.262420
-0.242530,-0.507860,0.171550
-0.352890,-0.382370,0.215140
-0.525890,-0.419290,0.212550
-0.699660,-0.444370,0.197910
0.649320,-0.516700,0.236530
0.492330,-0.527970,0.146000
0.379180,-0.525920,0.261360
0.225690,-0.637660,0.212990
0.067919,-0.532030,0.184030
-0.105740,-0.648480,0.134500
-0.274670,-0.662280,0.154050
-0.414400,-0.543360,0.171610
-0.601430,-0.582370,0.170760
0.517380,-0.661740,0.213480
0.371620,-0.710260,0.279030
0.213310,-0.791390,0.247530
0.022298,-0.818870,0.245360
-0.147990,-0.798500,0.226620
-0.317350,-0.790350,0.200430
-0.466780,-0.697300,0.163900
0.344200,0.791800,0.041216
0.170890,0.842090,0.071693
0.001646,0.858210,0.029275
-0.099984,0.826450,0.150120
-0.194260,0.831190,0.006951
0.504850,0.689700,0.026590
0.343620,0.635600,0.040161
0.048428,0.696570,0.109650
-0.093389,0.699090,0.023864
-0.235180,0.678070,0.117170
-0.359690,0.778980,0.028823
-0.568360,0.709030,0.074960
0.637040,0.576670,0.013879
0.485070,0.517260,0.104370
0.318540,0.485100,0.023154
0.190640,0.572380,0.130640
0.049239,0.563500,0.015446
-0.105670,0.554900,0.123750
-0.259250,0.518480,0.054504
-0.397890,0.619280,0.037490
-0.530530,0.567660,0.107700
-0.680730,0.539460,0.027445
0.744350,0.448200,-0.027536
0.597470,0.395360,0.017384
0.440900,0.371770,0.014797
0.290020,0.308350,0.060351
0.175110,0.430730,0.092378
0.026362,0.406190,0.020866
-0.114910,0.401990,0.099105
-0.285500,0.361820,0.051792
-0.428170,0.471330,-0.029425
-0.582210,0.412580,0.040429
-0.742010,0.377620,0.121480
0.817530,0.194610,0.072488
0.760620,0.343530,0.101130
0.633270,0.217660,0.065987
0.430950,0.217160,0.078257
0.126700,0.258250,0.042756
-0.040358,0.239850,0.085662
-0.174560,0.243890,-0.020374
-0.331180,0.166470,0.033289
-0.441000,0.287300,0.071512
-0.620180,0.245940,0.042358
-0.793720,0.250650,0.023695
0.864830,0.015409,0.071129
0.714260,0.045697,0.066393
0.560570,0.023139,-0.059123
0.406960,0.093077,-0.036534
0.266260,0.157810,-0.017482
0.111080,0.091209,0.042399
-0.021094,0.047159,0.156240
-0.178770,0.123870,0.093878
-0.414190,0.030014,0.136920
-0.521720,0.122130,0.059680
-0.700160,0.068638,0.055759
-0.851300,0.129380,0.111430
0.866110,-0.166220,0.056336
0.729570,-0.138380,0.036587
0.556770,-0.162360,-0.029198
0.439200,-0.054946,0.060010
0.256640,-0.009122,0.036703
0.081956,-0.073955,0.074496
-0.099698,-0.047906,0.060707
-0.281940,-0.030644,0.038020
-0.408250,-0.124660,0.040619
-0.551840,-0.063218,0.049457
-0.683570,-0.112530,-0.014394
-0.844580,-0.036615,0.063402
0.789120,-0.329320,0.012924
0.640650,-0.265730,0.121590
0.469450,-0.321360,-0.008528
0.386790,-0.218880,0.041472
0.236870,-0.154890,0.021228
0.116240,-0.261330,0.086807
-0.143990,-0.292130,0.030327
-0.209110,-0.164120,0.105850
-0.334210,-0.247990,-0.020071
-0.659230,-0.212260,0.103110
-0.831050,-0.206820,0.031722
0.703730,-0.471310,-0.051717
0.575590,-0.403860,0.060238
0.378180,-0.451120,0.054270
0.263970,-0.335660,0.018492
0.113630,-0.435960,0.058602
-0.081711,-0.458730,0.094649
-0.263040,-0.411740,0.038742
-0.427720,-0.392210,0.053499
-0.614320,-0.364180,0.072620
-0.777260,-0.366970,0.035919
0.638690,-0.582440,0.073216
0.509830,-0.513910,-0.034814
0.351320,-0.624810,0.109170
0.182790,-0.598790,0.047820
-0.006580,-0.579310,0.022413
-0.189060,-0.560760,0.009359
-0.204040,-0.707340,-0.010152
-0.362400,-0.574350,0.018925
-0.521220,-0.503300,0.032248
-0.683950,-0.523870,0.029946
0.508650,-0.685810,0.039172
0.382440,-0.782820,0.137600
0.233200,-0.768810,0.064754
0.071857,-0.699240,0.146650
-0.062317,-0.712680,-0.081246
-0.223690,-0.834820,0.063238
-0.382020,-0.749790,0.028726
-0.539490,-0.660870,0.018505
0.119970,-0.856180,0.102310
-0.062318,-0.820090,0.079445
0.266770,0.805340,-0.114190
0.109280,0.847480,-0.108140
-0.090321,0.840680,-0.126780
-0.292570,0.785350,-0.131800
0.554510,0.643530,-0.138780
0.418160,0.738190,-0.116890
0.194020,0.691290,-0.011641
0.039200,0.712000,-0.072407
-0.113180,0.684800,-0.155530
-0.244840,0.652680,-0.052478
-0.459840,0.730170,-0.095930
-0.558920,0.608610,-0.068849
0.644740,0.503230,-0.144710
0.477030,0.528130,-0.059248
0.340210,0.612850,-0.131760
0.188650,0.533500,-0.066953
0.035034,0.587190,-0.175990
-0.104150,0.537230,-0.052097
-0.269480,0.477140,-0.113920
-0.382260,0.605650,-0.143150
-0.586930,0.460920,-0.131140
-0.695190,0.539630,-0.163410
0.736220,0.385720,-0.206600
0.539460,0.367420,-0.138910
0.349440,0.441470,-0.145060
0.196360,0.363440,-0.077516
0.037893,0.439590,-0.132280
-0.131700,0.377030,-0.072570
-0.327260,0.324180,-0.081875
-0.492030,0.330260,-0.090914
-0.644290,0.293570,-0.111450
-0.753960,0.399960,-0.051073
0.847370,0.305360,-0.078440
0.703410,0.279460,-0.069511
0.536870,0.216480,-0.048591
0.370710,0.274720,-0.097760
0.186040,0.200490,-0.136940
0.018072,0.261780,-0.085141
-0.129150,0.192770,-0.154480
-0.315550,0.167520,-0.135930
-0.476990,0.188400,-0.083066
-0.679070,0.146910,-0.099107
-0.813250,0.244860,-0.145550
0.838760,0.126630,-0.074627
0.687490,0.117200,-0.090617
0.445680,0.032813,-0.185660
0.271750,0.023429,-0.131640
0.080450,0.089973,-0.118960
-0.043085,0.101600,-0.022514
-0.203080,0.054688,-0.059622
-0.402540,0.029372,-0.052733
-0.569090,0.039295,-0.083422
-0.734880,-0.014249,-0.105820
-0.853930,0.095161,-0.056249
0.848230,-0.045268,-0.080267
0.694280,-0.064593,-0.111380
0.542420,-0.097752,-0.196520
0.393400,-0.097412,-0.080038
0.226910,-0.123990,-0.164330
0.112150,-0.054316,-0.084685
-0.052437,-0.052565,-0.105880
-0.199270,-0.140820,-0.075571
-0.361300,-0.114930,-0.131750
-0.525010,-0.103630,-0.127140
-0.679350,-0.152930,-0.192240
-0.853560,-0.096187,-0.111520
0.815560,-0.218780,-0.108970
0.649190,-0.284380,-0.050590
0.482300,-0.253440,-0.165630
0.316620,-0.255090,-0.126050
0.179560,-0.382550,-0.116820
-0.018324,-0.179310,-0.015509
-0.075376,-0.252170,-0.142680
-0.239200,-0.320070,-0.114350
-0.523960,-0.242360,-0.038515
-0.686030,-0.274920,-0.072796
-0.811450,-0.261760,-0.161890
0.759420,-0.371950,-0.179490
0.580750,-0.394150,-0.149980
0.381250,-0.410120,-0.124350
0.244570,-0.499320,-0.054365
0.015716,-0.356490,-0.016764
-0.097483,-0.434510,-0.081863
-0.273520,-0.487920,-0.126370
-0.408760,-0.394250,-0.098736
-0.578910,-0.405370,-0.102330
-0.740100,-0.444010,-0.115910
0.616880,-0.595100,-0.118250
0.472690,-0.517720,-0.199210
0.365260,-0.598770,-0.043090
0.210890,-0.669800,-0.110540
0.065947,-0.527150,-0.095983
-0.115090,-0.587610,-0.142510
-0.303480,-0.640310,-0.127760
-0.459880,-0.543770,-0.130590
-0.613410,-0.591490,-0.116440
0.483930,-0.690490,-0.119520
0.357280,-0.771380,-0.030116
0.199380,-0.836170,-0.100440
0.078232,-0.719960,-0.024783
-0.200730,-0.751780,-0.209620
-0.306130,-0.816640,-0.107570
-0.458200,-0.713440,-0.122350
0.035777,-0.874230,-0.040724
-0.126350,-0.853640,-0.103780
0.175450,0.803230,-0.287560
0.029997,0.781480,-0.242640
-0.089300,0.799430,-0.323980
-0.219530,0.786870,-0.253860
0.471100,0.657420,-0.282580
0.331860,0.742590,-0.279240
0.182860,0.674850,-0.180630
0.117550,0.629050,-0.322130
-0.065408,0.637010,-0.309310
-0.238010,0.618430,-0.230730
-0.388850,0.720350,-0.281880
-0.535110,0.624300,-0.240540
0.649040,0.581720,-0.296000
0.477870,0.505840,-0.234980
0.299600,0.583090,-0.286380
0.189710,0.485920,-0.230400
0.031636,0.461100,-0.321030
-0.118570,0.492030,-0.222200
-0.280280,0.443140,-0.280320
-0.441920,0.467880,-0.209090
-0.609200,0.491030,-0.317110
0.610710,0.407220,-0.310660
0.450790,0.318730,-0.263860
0.280370,0.327990,-0.239940
0.113990,0.322460,-0.232060
-0.054818,0.330380,-0.235520
-0.216630,0.317430,-0.215090
-0.388130,0.298050,-0.232380
-0.556060,0.337050,-0.265140
-0.728430,0.376200,-0.234110
0.794660,0.205520,-0.228570
0.635090,0.248720,-0.221690
0.505390,0.172210,-0.188430
0.332510,0.161800,-0.208040
0.206940,0.191060,-0.323100
0.035590,0.166970,-0.249300
-0.136510,0.203470,-0.335720
-0.275190,0.144330,-0.277190
-0.528420,0.174740,-0.217860
-0.669070,0.190940,-0.272120
-0.789370,0.218810,-0.312460
0.809650,0.035008,-0.226190
0.638650,0.071706,-0.239720
0.494720,0.037055,-0.329240
0.322100,0.023740,-0.326100
0.180370,0.036212,-0.255530
0.032836,-0.014258,-0.261600
-0.100760,0.066779,-0.215040
-0.259860,0.000842,-0.185650
-0.435140,0.045250,-0.222740
-0.631890,0.015341,-0.237330
-0.815850,0.069891,-0.220680
0.811080,-0.141970,-0.242550
0.658220,-0.075887,-0.301070
0.507050,-0.117090,-0.380390
0.378340,-0.110640,-0.249100
0.217170,-0.134860,-0.322760
0.049400,-0.162300,-0.227250
-0.130700,-0.106420,-0.244100
-0.316010,-0.100080,-0.291440
-0.485830,-0.098064,-0.295230
-0.626220,-0.106780,-0.353000
-0.798840,-0.100230,-0.282190
0.662250,-0.225730,-0.197360
0.568050,-0.242760,-0.329400
0.376650,-0.257510,-0.301690
0.192070,-0.280360,-0.250220
0.121800,-0.236510,-0.086147
-0.086461,-0.262700,-0.316060
-0.242230,-0.235040,-0.238780
-0.414260,-0.254510,-0.183870
-0.572740,-0.254050,-0.223030
-0.732990,-0.256140,-0.343850
0.687580,-0.363240,-0.321510
0.488210,-0.392410,-0.298530
0.302280,-0.404970,-0.260830
0.169200,-0.510800,-0.228440
0.037260,-0.359100,-0.208220
-0.018338,-0.509990,-0.254170
-0.142920,-0.407140,-0.232630
-0.316960,-0.398080,-0.266290
-0.499150,-0.413930,-0.261380
-0.697870,-0.369560,-0.249900
0.637680,-0.509620,-0.269880
0.501790,-0.651950,-0.272000
0.332150,-0.586350,-0.193940
0.211560,-0.650200,-0.294410
0.067296,-0.663740,-0.197770
-0.068023,-0.684880,-0.280470
-0.212970,-0.572380,-0.277940
-0.379220,-0.548120,-0.276980
-0.622590,-0.520990,-0.254100
0.349090,-0.757860,-0.197560
0.200320,-0.792160,-0.271760
0.039048,-0.823450,-0.198650
-0.105440,-0.840990,-0.307060
-0.351880,-0.728160,-0.271500
-0.509820,-0.646710,-0.273970
0.394430,0.618440,-0.425590
0.238520,0.704690,-0.426190
0.058677,0.740440,-0.427180
-0.099549,0.705720,-0.470420
-0.248540,0.713760,-0.398390
0.526230,0.518710,-0.403010
0.356610,0.453770,-0.337850
0.195220,0.528790,-0.424130
0.003318,0.556940,-0.434730
-0.184320,0.558200,-0.387320
-0.294340,0.461830,-0.459890
-0.366770,0.572670,-0.329310
-0.496100,0.579130,-0.407700
0.617280,0.377370,-0.472050
0.469470,0.339090,-0.432590
0.313850,0.292330,-0.405550
0.175080,0.380000,-0.382030
0.020198,0.360200,-0.477580
-0.128860,0.389710,-0.381570
-0.278160,0.300850,-0.387400
-0.438350,0.403560,-0.371740
-0.569860,0.425440,-0.472900
-0.684070,0.348270,-0.395450
0.726070,0.293180,-0.375360
0.572400,0.214050,-0.364570
0.404770,0.170810,-0.355590
0.162610,0.239230,-0.493400
0.027725,0.262240,-0.376180
-0.126090,0.243630,-0.488960
-0.277950,0.151840,-0.460910
-0.419580,0.200840,-0.345550
-0.551220,0.251130,-0.407800
-0.698040,0.193230,-0.460490
0.742430,0.139310,-0.376360
0.605250,0.046475,-0.428940
0.433020,0.012941,-0.493970
0.254360,-0.009446,-0.456350
0.113250,0.097885,-0.410830
-0.043812,0.084835,-0.394410
-0.193380,0.018870,-0.363570
-0.378020,0.034386,-0.385870
-0.563140,0.078101,-0.372210
-0.749840,0.041798,-0.372830
0.782960,-0.026546,-0.375800
0.663830,-0.114130,-0.481140
0.353940,-0.139720,-0.431900
0.199140,-0.164820,-0.506610
0.097897,-0.060367,-0.400000
-0.053647,-0.099591,-0.400570
-0.255540,-0.028031,-0.515810
-0.366770,-0.128120,-0.443550
-0.532920,-0.174450,-0.464500
-0.725900,-0.125780,-0.459940
0.747220,-0.220640,-0.374810
0.457610,-0.288440,-0.452520
0.254010,-0.295410,-0.414010
0.086679,-0.313940,-0.495720
0.070500,-0.238470,-0.369650
-0.087702,-0.273180,-0.490860
-0.197500,-0.153140,-0.411000
-0.409000,-0.254080,-0.334320
-0.554430,-0.297260,-0.377350
-0.651720,-0.279580,-0.514700
0.598460,-0.411150,-0.436670
0.369390,-0.410980,-0.439150
0.137540,-0.414820,-0.351660
-0.016444,-0.408020,-0.387190
-0.180780,-0.406770,-0.382090
-0.262650,-0.286780,-0.408790
-0.403780,-0.414430,-0.414010
-0.640670,-0.423600,-0.398600
0.506860,-0.554580,-0.394980
0.356790,-0.531150,-0.334040
0.225170,-0.527220,-0.419590
0.067544,-0.595000,-0.370900
-0.097255,-0.569030,-0.412730
-0.275380,-0.520810,-0.425730
-0.382780,-0.651490,-0.423910
-0.513100,-0.538840,-0.410240
0.362630,-0.696730,-0.358670
0.215590,-0.703260,-0.452230
0.064970,-0.763920,-0.369010
-0.070392,-0.718040,-0.464520
-0.221010,-0.714920,-0.388150
0.130670,0.636360,-0.552050
-0.029416,0.629550,-0.590190
-0.210290,0.612000,-0.561380
-0.353150,0.615830,-0.491330
0.470910,0.485320,-0.542040
0.309700,0.589710,-0.554310
0.324070,0.443780,-0.489600
0.083622,0.466500,-0.542730
-0.110310,0.483850,-0.523940
-0.305750,0.491220,-0.637120
-0.447640,0.473190,-0.555090
0.519290,0.318810,-0.603400
0.349190,0.269660,-0.564730
0.205550,0.367520,-0.563470
0.074074,0.306450,-0.657570
-0.067933,0.353000,-0.616000
-0.226990,0.360620,-0.559730
-0.401300,0.309810,-0.505410
-0.559140,0.307700,-0.578690
0.643030,0.200400,-0.532030
0.477990,0.165950,-0.509160
0.288860,0.130910,-0.481050
0.203200,0.185630,-0.641090
0.024189,0.180580,-0.548700
-0.107210,0.210500,-0.668270
-0.288410,0.224490,-0.602280
-0.454160,0.154640,-0.511820
-0.603510,0.147430,-0.571660
0.741490,0.041391,-0.530660
0.587130,0.019304,-0.595060
0.349960,0.088040,-0.629660
0.153580,0.021283,-0.570850
-0.000259,0.013663,-0.544610
-0.140360,0.081791,-0.537590
-0.244310,0.101390,-0.665770
-0.379660,0.052518,-0.584050
-0.513320,-0.013897,-0.478090
-0.673390,0.016173,-0.515190
0.602960,-0.158350,-0.635530
0.486030,-0.141720,-0.545280
0.320590,-0.079043,-0.609770
0.164460,-0.132670,-0.681810
0.049909,-0.151720,-0.538550
-0.117040,-0.110360,-0.571900
-0.270550,-0.067710,-0.680450
-0.415880,-0.109500,-0.592170
-0.603300,-0.116510,-0.604740
0.632670,-0.274220,-0.500760
0.507680,-0.326990,-0.609630
0.336730,-0.261670,-0.572720
0.178900,-0.277920,-0.640460
0.004541,-0.240350,-0.661460
-0.138440,-0.322350,-0.632580
-0.258030,-0.212390,-0.578510
-0.411270,-0.281050,-0.519980
-0.519720,-0.257050,-0.638780
0.493600,-0.468040,-0.535930
0.357460,-0.453760,-0.614140
0.214950,-0.409440,-0.536270
0.030324,-0.394560,-0.607270
-0.117970,-0.457990,-0.532610
-0.275750,-0.385450,-0.547150
-0.397430,-0.395620,-0.660770
-0.529050,-0.407970,-0.535730
0.364020,-0.596450,-0.503110
0.217740,-0.578510,-0.593330
0.062638,-0.507330,-0.503740
-0.078268,-0.597000,-0.604070
-0.228410,-0.625920,-0.535360
-0.397290,-0.533140,-0.555700
0.072234,-0.667150,-0.536160
0.212960,0.510880,-0.650920
0.024825,0.505630,-0.674620
-0.145220,0.498980,-0.688000
0.369110,0.427930,-0.653370
0.260200,0.339580,-0.726620
0.120570,0.421170,-0.771340
-0.058096,0.367050,-0.778540
-0.228620,0.350430,-0.735640
-0.395700,0.350340,-0.674450
0.512440,0.147860,-0.673580
0.399980,0.253210,-0.711780
0.152720,0.244500,-0.802920
0.002991,0.229810,-0.818280
-0.166660,0.204560,-0.814630
-0.324380,0.208200,-0.776450
-0.463650,0.194100,-0.681830
0.473180,-0.029010,-0.699550
0.303140,0.160790,-0.787870
0.194450,0.025972,-0.717480
0.044915,0.115480,-0.702000
-0.107840,0.022840,-0.706910
-0.233960,0.037068,-0.828960
-0.390460,0.045190,-0.760210
-0.540320,0.033298,-0.655500
0.452150,-0.199950,-0.705030
0.337880,0.005039,-0.791030
0.196720,-0.091284,-0.845860
0.019928,-0.066467,-0.694250
-0.140200,-0.171580,-0.721440
-0.284630,-0.142580,-0.812860
-0.459410,-0.100510,-0.733650
0.325950,-0.159260,-0.753720
0.209400,-0.271210,-0.801590
0.048915,-0.196970,-0.822180
-0.088037,-0.296680,-0.818140
-0.245220,-0.331510,-0.743350
-0.367060,-0.238760,-0.712430
0.344970,-0.335440,-0.717830
0.205300,-0.438420,-0.705970
0.068988,-0.370160,-0.770520
-0.090311,-0.453020,-0.723440
-0.241550,-0.498850,-0.656790
0.067583,-0.538990,-0.677630
0.143490,0.093416,-0.858500
-0.056899,0.080582,-0.862050
0.043077,-0.029718,-0.837580
-0.111500,-0.100710,-0.848480
