4.89752e-06
-4.66178e-06
2.97768e-06
8.22454e-06
8.31551e-07
-4.6571e-06
-5.03744e-06
2.17372e-06
-7.625e-07
1.19e-06
-1.1e-08
-6.24686e-06
1.12314e-06
1.7322e-06
3.6111e-06
1.16775e-05
9.6571e-06
8.31936e-06
5.1924e-06
2.5087e-06
-3.2034e-06
-3.3531e-06
-1.3489e-06
7.8475e-06
-8.1929e-06
-7.95329e-07
-3.49325e-06
8.5706e-06
-2.3395e-06
-5.8241e-06
7.243e-06
-9.1389e-06
-5.73456e-06
6.1286e-06
-1.962e-06
8.18098e-06
3.66743e-06
-6.05796e-07
-1.06883e-05
-2.23899e-06
-3.08564e-06
-4.06153e-06
9.8014e-06
-2.8493e-06
-2.0218e-06
5.117e-06
-5.6427e-06
5.873e-06
-1.38315e-05
9.9479e-06
-2.0555e-06
8.4635e-06
-7.9425e-06
3.49146e-06
-2.8346e-06
-7.6666e-06
-2.4746e-06
-2.778e-06
6.806e-07
4.9631e-06
-2.12711e-06
1.649e-06
-9.5009e-06
-5.4371e-06
-6.498e-07
2.7395e-06
-1.05427e-05
-8.9509e-06
4.8539e-06
-1.7875e-06
5.18292e-06
5.58791e-07
-2.8451e-06
6.082e-07
8.4048e-06
2.48678e-06
-4.35016e-06
7.7676e-06
-1.11736e-05
-7.3014e-06
3.719e-06
3.7276e-06
1.18962e-05
2.9474e-06
3.439e-07
-8.4003e-06
9.634e-07
1.7855e-06
-5.563e-06
1.16638e-05
-7.69862e-06
-3.09999e-06
-3.4526e-06
-3.37236e-06
-6.49738e-06
-1.84996e-06
5.06054e-06
-3.5485e-06
-6.4865e-06
8.282e-07
2.5058e-06
1.4903e-06
-6.4618e-06
6.5207e-06
3.4053e-06
-2.7805e-06
1.3222e-06
-5.9006e-06
-4.6766e-06
-8.2686e-06
1.6526e-06
-7.155e-07
5.3261e-06
4.9393e-06
-2.6263e-06
-9.998e-07
-4.6376e-06
4.9951e-06
-4.14679e-06
1.98594e-06
-6.769e-06
2.9135e-06
3.05682e-06
4.57608e-06
6.4202e-06
-1.6274e-06
-5.753e-07
-9.7483e-06
3.5906e-06
-1.7006e-06
3.2251e-06
-3.5554e-06
6.521e-06
-7.649e-06
-3.5266e-06
7.0219e-06
-3.3553e-06
1.0826e-06
8.023e-07
-3.9781e-06
9.938e-07
4.6294e-06
-8.955e-07
-2.5075e-06
8.0882e-06
9.8786e-06
-3.3025e-06
-2.8887e-06
-1.4701e-06
3.9287e-06
2.71073e-06
4.1851e-06
1.13713e-05
4.4791e-06
-7.33426e-06
6.6196e-06
-9.5771e-06
8.151e-06
-1.0522e-06
-3.4446e-06
-2.104e-07
-4.97e-07
2.459e-07
5.3619e-06
-2.8288e-06
-6.9092e-06
-1.05867e-05
-3.6621e-06
-5.4746e-06
-4.5085e-06
2.9186e-06
-5.37e-07
7.1863e-06
-4.1803e-06
2.2163e-06
4.7114e-06
4.37978e-06
-7.56371e-06
-9.7522e-06
4.799e-07
1.24556e-05
-3.45361e-07
-6.8994e-06
-1.5395e-06
-1.12835e-05
2.087e-07
-3.20716e-06
2.4176e-06
-4.5337e-06
-6.96e-08
-4.6746e-06
-1.0598e-06
1.1135e-05
1.0759e-05
6.2323e-06
-6.715e-07
1.9388e-06
1.1016e-05
3.6062e-06
2.1066e-06
4.8162e-06
9.3138e-06
1.3691e-06
-4.5457e-06
2.9475e-06
-6.72161e-06
-1.5608e-06
1.25424e-05
1.3655e-06
-1.15779e-05
9.703e-07
6.2327e-06
-1.2809e-06
6.5962e-06
6.0743e-06
5.5949e-06
1.0631e-06
-6.0545e-06
-2.5883e-06
-9.7114e-06
5.2606e-06
-7.4689e-06
-9.821e-07
2.7613e-06
-4.7821e-06
-2.5949e-06
-1.1173e-06
-1.06248e-05
5.9719e-08
9.551e-06
3.43e-07
1.99436e-06
5.80648e-06
-6.22704e-06
-2.8118e-06
2.6087e-06
4.9328e-06
8.6476e-06
8.7855e-06
3.595e-06
-3.4538e-06
-4.93e-08
5.5917e-06
7.874e-07
-7.2441e-06
-2.978e-07
4.003e-07
-3.4005e-06
5.7501e-06
-2.833e-06
2.5819e-06
7.8823e-06
3.48796e-06
6.5154e-06
-2.02431e-06
-7.07004e-06
-2.791e-06
-6.322e-07
-9.3018e-06
5.0199e-06
-5.309e-07
3.035e-06
6.604e-06
1.4183e-06
3.7427e-06
1.2685e-06
3.0718e-06
5.5562e-06
1.2326e-06
7.7973e-06
-3.3326e-06
-1.04373e-05
-9.593e-06
1.32875e-07
6.40833e-06
-3.601e-06
1.08703e-05
-4.0738e-06
9.89385e-06
9.46631e-07
8.12242e-06
3.2959e-06
-9.2698e-06
1.1639e-06
1.0869e-06
5.3438e-06
-1.789e-06
-1.8449e-06
1.21474e-05
-9.6781e-06
-1.2525e-06
-4.4777e-06
-4.2854e-06
-6.621e-06
8.0474e-06
1.4914e-06
5.3654e-06
3.6866e-06
1.3138e-06
-8.9689e-06
-6.4058e-06
-3.0586e-06
-3.02662e-06
1.30032e-06
-2.60502e-06
-8.51825e-07
4.3285e-06
4.8863e-06
9.5727e-06
-1.6443e-06
-3.1081e-06
3.8354e-06
-3.6761e-06
-4.7683e-06
3.5461e-06
-2.6981e-06
-1.8526e-06
5.4968e-06
-1.17945e-05
3.8506e-06
-8.595e-07
-1.8338e-06
1.29436e-05
6.3036e-06
-5.3345e-06
6.8645e-06
1.92396e-06
-2.36266e-06
-3.9652e-06
-2.6878e-06
-9.2781e-06
4.2366e-06
1.11998e-05
1.00898e-05
-1.8449e-06
4.0211e-06
8.0387e-06
4.2846e-06
-6.23e-07
-2.3885e-06
-4.3726e-06
5.0939e-06
2.7823e-06
4.6754e-06
2.0826e-06
6.8795e-06
3.0411e-06
-2.6731e-06
-2.2957e-06
-3.1059e-06
-6.85e-07
3.9864e-06
-9.33589e-07
3.4749e-06
-8.14918e-06
-8.8773e-06
-1.757e-06
-1.123e-06
4.4819e-06
1.02076e-05
4.7805e-06
4.4815e-06
4.2803e-06
-1.955e-07
-5.3496e-06
1.1398e-06
-7.2164e-06
1.04007e-05
3.647e-06
-5.3645e-06
4.7938e-06
1.879e-07
6.7586e-06
1.2982e-06
3.8394e-06
7.462e-06
-4.8841e-06
1.35546e-06
9.854e-06
8.3831e-06
-7.4249e-06
-7.0369e-06
2.1671e-06
6.6741e-06
8.94811e-07
8.9449e-06
-1.00529e-05
-7.8627e-06
1.4711e-06
-3.3049e-06
9.838e-07
6.7819e-06
-8.42e-07
-9.0889e-06
-1.9485e-06
2.2987e-06
-5.6266e-06
3.9654e-06
-4.9674e-06
-3.3667e-06
-7.8394e-06
8.4383e-06
3.5663e-06
6.3647e-06
-6.4869e-06
-6.8212e-06
3.1874e-06
-7.943e-06
1.88522e-06
-2.4916e-06
-1.29473e-06
5.7142e-06
-4.4714e-06
-8.0954e-06
4.34e-08
1.4246e-06
8.1718e-06
-2.1401e-06
5.1414e-06
-1.0375e-05
7.4986e-06
-2.3989e-06
-7.2878e-06
5.9699e-06
-1.1251e-06
1.18943e-05
7.261e-07
2.4827e-06
3.2351e-06
-1.0285e-05
7.42677e-06
-3.23356e-06
-4.58417e-06
-9.9494e-06
-1.5825e-06
8.573e-07
3.415e-06
1.93949e-06
-7.5022e-06
-6.3301e-06
-3.0734e-06
6.95494e-06
1.05443e-05
-5.2065e-06
-3.92927e-06
-5.2078e-06
-2.1708e-06
5.5186e-06
1.2071e-06
-7.5385e-06
-1.6091e-06
4.52966e-06
-8.1811e-06
-1.04441e-05
1.28134e-05
-4.322e-06
-8.38115e-06
1.68296e-06
5.55988e-06
3.8319e-06
-3.14166e-06
4.7314e-06
3.9906e-06
-7.79385e-06
-2.9014e-06
-4.39736e-06
9.17017e-06
1.44275e-07
-9.67184e-06
8.2975e-06
-3.25721e-06
-7.798e-07
3.1004e-06
8.1795e-06
-3.472e-06
-5.415e-06
-6.563e-06
1.2419e-06
5.7535e-06
2.4023e-06
3.15107e-06
-6.0577e-06
-9.691e-07
9.51229e-06
-7.78188e-06
-5.971e-06
7.7231e-06
2.96806e-06
4.40194e-06
-1.1281e-06
-4.542e-06
5.0914e-06
-4.2178e-06
3.94162e-06
9.58546e-06
-4.01693e-06
-3.11584e-06
-3.48614e-06
-4.6409e-06
8.75307e-06
1.56646e-06
-5.10644e-07
8.78308e-06
-6.45453e-06
1.01858e-06
-6.62103e-06
1.24415e-05
-5.07118e-06
8.751e-06
9.37599e-06
-1.06852e-05
1.11432e-05
-1.09194e-05
7.58046e-06
-9.16844e-06
3.23606e-06
-7.18614e-06
1.4539e-06
9.87294e-06
2.7088e-06
-6.46892e-06
4.81844e-06
-5.32921e-06
6.29253e-06
-8.0218e-06
8.93271e-06
-5.49642e-06
4.53916e-07
3.37113e-06
8.1075e-08
6.73692e-06
-8.56241e-07
8.24342e-06
-2.00421e-07
-2.11474e-06
-5.69459e-06
2.65223e-06
2.02122e-06
-1.17284e-06
-7.12286e-06
-1.48436e-06
9.25889e-06
-8.75e-07
3.7063e-06
7.47068e-06
3.61781e-06
7.6287e-06
8.28331e-06
8.63499e-06
8.5204e-06
2.66382e-06
-7.24012e-06
-5.46065e-06
5.54627e-06
5.94032e-06
5.054e-06
-6.6776e-06
-2.49434e-06
1.16086e-05
1.71956e-07
-9.6402e-06
-9.5778e-06
-6.97602e-06
-3.12876e-06
-1.44284e-06
2.49884e-07
6.335e-06
-9.2477e-06
7.6184e-06
-1.0434e-06
1.9566e-06
-1.7107e-06
-5.3742e-06
2.461e-07
-6.628e-07
9.5735e-06
-6.24528e-06
-6.2129e-06
8.29704e-06
-3.6386e-06
-3.28319e-06
-1.714e-07
6.8415e-06
-7.76642e-06
-8.2386e-06
1.1195e-06
-8.0001e-06
-6.5665e-06
-8.67556e-06
6.45576e-06
-6.21829e-07
1.28927e-05
3.15315e-06
8.7506e-06
8.62962e-06
-2.1381e-06
3.9024e-06
6.7067e-06
8.626e-07
-6.4078e-06
-9.746e-06
-2.31516e-06
-1.105e-05
4.9623e-06
8.2739e-06
4.04578e-06
8.213e-06
-1.22544e-05
-1.28334e-06
5.71083e-06
9.0028e-06
6.2678e-06
4.1639e-06
-1.10452e-05
7.36492e-06
4.01511e-06
6.2688e-06
8.908e-06
-6.6678e-06
3.6726e-06
1.28597e-05
-5.0779e-06
-4.9006e-06
-3.0786e-06
-6.7778e-06
1.04507e-05
4.3207e-06
-4.8402e-06
-3.5485e-06
-6.9649e-06
-1.09106e-05
-9.126e-07
2.4242e-06
-2.6438e-06
-8.53e-07
2.1826e-06
9.60287e-06
7.9775e-06
1.76632e-06
1.03896e-05
3.287e-06
-8.74284e-06
5.0211e-06
8.2683e-06
-6.4738e-06
1.12349e-05
-4.3243e-06
2.2485e-06
-4.8397e-06
-1.666e-07
-5.369e-07
5.164e-06
3.4189e-06
-1.0501e-05
-6.2074e-06
-9.8835e-06
-2.0461e-06
-8.7907e-06
3.881e-06
5.2655e-06
9.4151e-06
-4.39513e-06
-1.35301e-06
-9.5897e-06
6.2858e-06
3.8255e-06
5.7896e-06
-4.3193e-06
7.8688e-06
7.3318e-06
-9.96611e-06
-6.222e-06
3.3875e-06
-1.00452e-05
1.7738e-06
-8.4333e-06
1.22378e-05
-2.3515e-06
-3.4498e-06
-1.2765e-06
-3.636e-06
8.114e-07
-6.0377e-06
-5.5666e-06
6.2175e-06
-1.9849e-06
8.8199e-06
-4.985e-07
6.018e-06
1.503e-06
-6.02135e-06
-8.5328e-06
-3.2696e-06
6.75917e-07
-8.1691e-06
5.76727e-06
1.7949e-06
2.0429e-06
1.5272e-06
4.3454e-06
1.818e-07
-7.3064e-06
-1.12405e-05
8.0075e-06
-2.4886e-06
2.3342e-06
1.3484e-06
-1.5109e-06
-2.4149e-06
4.3634e-06
-5.3636e-06
7.6279e-06
-2.681e-06
2.6036e-06
6.415e-06
2.37546e-06
-8.0869e-06
-1.3777e-06
2.4059e-06
-3.0625e-06
-5.4154e-06
-8.26513e-06
-2.31706e-06
-1.32509e-05
5.8242e-06
-1.2434e-06
-1.933e-07
-2.6594e-06
-3.489e-07
-4.862e-06
-5.634e-07
-7.8357e-06
-1.32294e-05
-1.314e-07
-1.24987e-05
-9.341e-07
2.537e-06
6.8645e-06
5.8607e-06
-5.6011e-06
-5.6206e-06
-4.8104e-06
1.9644e-06
2.49412e-06
-9.823e-06
-9.75776e-06
4.86048e-06
-9.33425e-07
1.3982e-06
2.6654e-06
-5.9494e-06
-3.7208e-06
4.0895e-06
8.2055e-06
8.45e-07
3.909e-07
-3.8541e-06
-3.0973e-06
3.077e-06
4.7261e-06
7.557e-06
7.2765e-06
1.4122e-06
-1.01161e-05
5.679e-07
-2.2198e-06
-1.01609e-05
-9.0238e-06
9.8329e-06
6.32608e-06
3.8323e-06
2.7495e-06
-8.4238e-06
-1.12963e-05
2.3251e-06
-3.48667e-06
4.76586e-06
-6.5502e-06
5.7349e-06
3.0426e-06
-9.1786e-06
1.469e-06
2.4515e-06
1.37692e-05
8.4198e-06
-7.211e-07
6.0706e-06
4.4291e-06
-7.2884e-06
-1.23941e-05
-4.3995e-06
4.0991e-06
-3.1579e-06
-2.3569e-06
2.26362e-06
3.36717e-06
-1.33114e-06
-1.33052e-06
1.315e-06
1.25546e-05
1.15782e-05
-8.573e-07
4.6206e-06
-5.5682e-06
5.0434e-06
1.573e-07
-2.793e-06
3.631e-07
7.0007e-06
1.7584e-06
-4.286e-07
-9.2885e-06
-9.3321e-06
-3.7781e-06
8.237e-06
1.21361e-05
-6.5608e-06
-1.9258e-06
-1.0491e-06
-4.377e-07
6.3719e-06
-2.75584e-06
-9.67919e-06
2.4847e-06
-4.5614e-06
7.714e-07
3.478e-07
1.321e-06
-9.4781e-06
-3.6329e-06
8.8282e-06
-1.319e-06
4.595e-07
7.8176e-06
-9.2993e-06
-3.0238e-06
3.915e-07
6.3226e-06
1.1797e-05
-1.1749e-06
-5.3582e-06
6.47e-08
3.6054e-06
4.38646e-06
2.33788e-06
-2.30046e-06
-7.49162e-06
-5.2456e-06
-7.1069e-06
-1.171e-06
5.7047e-06
1.0051e-05
-7.2346e-06
-4.8561e-06
-1.8366e-06
6.76e-07
7.3787e-06
1.3559e-06
5.086e-06
7.583e-06
-6.3746e-06
4.4655e-06
1.5036e-06
-1.8635e-06
-1.31101e-05
7.918e-07
2.36498e-06
6.2979e-06
-7.9977e-06
-4.1349e-06
4.18347e-06
-5.1214e-06
1.3431e-06
-8.8554e-06
-2.4501e-06
2.6875e-06
1.5037e-06
-5.2226e-06
-9.905e-07
9.9765e-06
1.9784e-06
-7.0081e-06
-4.8235e-06
-1.09381e-05
4.37e-08
-5.5259e-06
-3.0907e-06
8.1845e-06
5.4262e-06
7.251e-07
1.01e-06
-1.0837e-06
3.5805e-06
1.20919e-05
-2.10851e-06
7.8126e-06
-3.46942e-06
-4.9902e-06
-4.5001e-06
-2.54804e-07
-1.9965e-06
-2.8037e-06
9.311e-07
-4.6966e-06
-4.3809e-06
4.4071e-06
-1.261e-07
7.2428e-06
2.3182e-06
-1.894e-07
5.9656e-06
-4.8518e-06
7.6366e-06
-1.11034e-05
7.403e-06
-3.309e-07
3.3538e-06
-7.1437e-06
8.43756e-07
1.453e-06
-4.0609e-06
2.2526e-06
1.05394e-05
-4.8361e-06
-9.24368e-06
-5.72774e-06
-5.1833e-06
2.826e-07
-5.331e-07
3.383e-06
-7.8826e-06
-4.1825e-06
-6.7411e-06
9.46573e-06
8.7933e-06
-5.5413e-06
-9.1318e-06
-1.13315e-05
-4.149e-06
-9.05e-08
-1.04506e-05
-4.6022e-06
-6.369e-06
-9.0397e-06
4.7832e-06
-4.3435e-06
1.6669e-06
-9.3497e-06
-1.42718e-06
1.08309e-05
1.1631e-06
4.3586e-06
-3.89303e-06
5.4725e-06
7.77239e-07
-9.3221e-06
4.9463e-06
8.7786e-06
5.6774e-06
3.497e-06
-3.3451e-06
2.471e-07
2.4542e-06
1.05719e-05
7.2226e-06
1.15151e-05
-4.0749e-06
-4.6381e-06
-5.3059e-06
-6.121e-07
-3.2963e-06
5.5535e-06
-1.1162e-06
1.87698e-06
-7.1284e-06
-4.3819e-06
6.6375e-06
-3.44372e-06
-1.21242e-05
-3.3925e-06
7.1758e-06
-6.44656e-06
-2.2875e-06
-3.793e-07
6.0247e-06
-7.1764e-06
-6.519e-06
7.93646e-06
9.78837e-06
3.2294e-06
-9.2821e-06
7.682e-07
6.7438e-06
-4.2579e-06
-7.0402e-06
5.24407e-06
2.5271e-06
-1.1229e-06
-1.3634e-06
-5.3044e-06
2.738e-07
-1.5883e-06
1.3986e-06
-9.43721e-06
-1.3706e-06
7.01162e-06
5.47475e-06
-7.16638e-06
-5.53828e-06
-1.06704e-06
-8.06684e-06
-3.08736e-06
-9.5437e-06
7.8654e-06
-8.44842e-06
2.2322e-06
3.4861e-06
8.844e-07
8.59e-08
8.3147e-06
-4.3059e-06
-2.4515e-06
-7.33337e-06
4.3762e-06
6.1535e-06
-4.754e-07
-4.2181e-06
6.5719e-06
5.676e-07
1.5496e-06
2.28496e-06
-6.8702e-06
-7.7801e-06
-3.7944e-06
-1.1284e-06
1.138e-06
5.08012e-06
-7.15612e-06
6.7106e-06
-4.14656e-06
3.10015e-06
-8.2245e-06
2.11611e-07
-1.16144e-06
-2.42275e-06
-6.70626e-07
-7.01556e-06
6.50075e-06
0.172608
0.173663
0.165883
0.171053
0.16665
0.175094
0.17119
0.166244
0.168241
0.175352
0.168369
0.174369
0.177647
0.173035
0.181608
0.17869
0.175601
0.15641
0.171588
0.174094
0.178521
0.167614
0.175056
0.167885
0.325402
0.173515
0.321072
0.176333
0.174883
0.167259
0.189655
0.164601
0.184403
0.323858
0.325891
0.344664
0.213468
0.17289
0.16441
0.18083
0.145751
0.182788
0.331183
0.324192
0.297584
0.153364
0.187219
0.170649
0.175033
0.169857
0.331732
0.302964
0.319232
0.338849
0.1676
0.18724
0.185138
0.184817
0.178739
0.165927
0.172128
0.113111
0.269309
0.16873
0.18179
0.176806
0.172163
0.176342
0.187753
0.169093
0.215092
0.168767
0.172736
0.178563
0.1856
0.173081
0.168277
0.171855
0.168509
0.18801
0.133499
0.183995
0.179824
0.177744
0.182076
0.173094
0.175254
0.176901
0.295203
0.341077
0.332643
0.342218
0.330657
0.169322
0.165659
0.159152
0.172953
0.351229
0.34246
0.177044
0.328605
0.332028
0.33741
0.327565
0.167373
0.176954
0.179598
0.335679
0.333094
0.209371
0.382798
0.324888
0.456781
0.348918
0.332026
0.321295
0.176866
0.181849
0.186941
0.373495
0.310724
0.339032
0.476729
0.467434
0.51949
0.403561
0.30253
0.325244
0.171927
0.181102
0.167125
0.173828
0.3214
0.325083
0.218737
0.370787
0.466916
0.441326
0.314841
0.328293
0.333434
0.171109
0.170466
0.18
0.175463
0.347624
0.328557
0.478186
0.478327
0.469795
0.446176
0.48315
0.34493
0.339752
0.177094
0.179257
0.184924
0.342349
0.358293
0.322318
0.448035
0.365864
0.40885
0.343977
0.335049
0.32612
0.170868
0.175132
0.180448
0.328661
0.337324
0.326827
0.329782
0.307063
0.337151
0.331298
0.171747
0.168005
0.178376
0.170372
0.226949
0.325461
0.340412
0.328016
0.316137
0.177508
0.17688
0.167914
0.150345
0.155906
0.170488
0.174468
0.165154
0.172711
0.124647
0.0937972
0.166989
0.127552
0.173045
0.173245
0.170512
0.188037
0.292467
0.320545
0.178912
0.182086
0.169269
0.17961
0.185645
0.18494
0.342632
0.382389
0.186331
0.336331
0.174042
0.362477
0.317139
0.164179
0.150852
0.183889
0.34351
0.342689
0.443217
0.367974
0.47938
0.346128
0.470793
0.322725
0.292414
0.21918
0.164173
0.305865
0.330438
0.335987
0.483407
0.494578
0.45258
0.303885
0.474486
0.489652
0.464271
0.3233
0.359819
0.164851
0.179262
0.349801
0.475047
0.482978
0.481897
0.569958
0.457875
0.595627
0.453575
0.486247
0.470977
0.352795
0.186507
0.168689
0.339652
0.347852
0.49174
0.465678
0.618278
0.612626
0.585363
0.64436
0.532463
0.456141
0.471674
0.343092
0.334791
0.179801
0.204338
0.332229
0.460723
0.481896
0.431578
0.55309
0.614151
0.482878
0.585995
0.560418
0.436946
0.475543
0.479219
0.331521
0.327609
0.164876
0.347537
0.484412
0.505803
0.599391
0.595502
0.594536
0.516823
0.613097
0.479765
0.485989
0.329586
0.340474
0.17027
0.173296
0.324293
0.480502
0.503189
0.477434
0.566325
0.53023
0.575434
0.48603
0.475078
0.462593
0.312703
0.173665
0.187799
0.3259
0.335917
0.478618
0.477467
0.459128
0.456836
0.462168
0.478096
0.485444
0.337066
0.321098
0.182862
0.172305
0.176406
0.339848
0.33571
0.393495
0.471049
0.490348
0.447485
0.467581
0.335967
0.327764
0.16759
0.165086
0.172227
0.173907
0.324756
0.311687
0.294806
0.384861
0.291125
0.173842
0.347769
0.183012
0.185774
0.175602
0.177095
0.301423
0.212029
0.216814
0.147717
0.193546
0.179275
0.173233
0.165689
0.178776
0.174863
0.227119
0.177976
0.179782
0.177021
0.179065
0.191085
0.174887
0.305571
0.191342
0.361067
0.462278
0.334323
0.320799
0.329604
0.19083
0.159239
0.177266
0.361349
0.347373
0.471197
0.337723
0.461244
0.489874
0.330223
0.463382
0.444074
0.33973
0.197385
0.17583
0.179966
0.177726
0.357129
0.486048
0.508321
0.546074
0.491892
0.623222
0.543538
0.455363
0.400524
0.302464
0.165643
0.163621
0.333629
0.456179
0.49283
0.607261
0.590241
0.502209
0.575951
0.486096
0.613948
0.579083
0.421504
0.452163
0.317202
0.172953
0.188279
0.343761
0.492039
0.58776
0.618649
0.604497
0.650195
0.684224
0.613678
0.595318
0.610998
0.517741
0.463789
0.310012
0.179787
0.157409
0.304928
0.503636
0.626285
0.55308
0.70161
0.705752
0.707801
0.707863
0.66923
0.588147
0.607477
0.482649
0.340541
0.180521
0.155254
0.384173
0.493652
0.589297
0.63297
0.703668
0.723489
0.606436
0.712212
0.68891
0.590425
0.613908
0.606437
0.488565
0.166029
0.16286
0.229228
0.323706
0.600441
0.633283
0.725234
0.704552
0.712839
0.666598
0.715081
0.606211
0.60925
0.474069
0.298371
0.164865
0.159473
0.322654
0.4631
0.572931
0.633539
0.61601
0.686091
0.677304
0.702156
0.603835
0.606697
0.591437
0.486004
0.340397
0.180715
0.173605
0.334183
0.385102
0.471444
0.592391
0.608903
0.601362
0.601035
0.58975
0.590348
0.611991
0.474438
0.443231
0.338843
0.178302
0.193128
0.334497
0.317284
0.481788
0.576165
0.610478
0.512655
0.570708
0.498993
0.47341
0.459403
0.323733
0.177195
0.184511
0.158277
0.331788
0.455793
0.455136
0.476944
0.532487
0.419572
0.344902
0.364533
0.360118
0.326713
0.179082
0.213501
0.175156
0.331211
0.37091
0.342893
0.341309
0.196248
0.298521
0.321926
0.171111
0.174333
0.173339
0.18689
0.177189
0.182922
0.17798
0.167914
0.183022
0.179238
0.163419
0.17956
0.182861
0.18281
0.176885
0.181365
0.328952
0.323353
0.335531
0.354537
0.348179
0.18566
0.186928
0.171047
0.191779
0.351787
0.346404
0.438
0.440661
0.490686
0.507749
0.478615
0.342005
0.212942
0.180044
0.148292
0.175396
0.33114
0.3562
0.498755
0.585078
0.550084
0.585362
0.607695
0.58497
0.376898
0.319004
0.309379
0.163296
0.177271
0.347987
0.347262
0.476374
0.506855
0.629442
0.654402
0.615486
0.688147
0.593844
0.491596
0.485345
0.359561
0.33114
0.173028
0.170996
0.34246
0.481667
0.512326
0.633291
0.711631
0.701273
0.622088
0.72415
0.707085
0.551927
0.533686
0.465303
0.333948
0.168907
0.178561
0.19387
0.36878
0.499378
0.619551
0.720712
0.715076
0.774781
0.739105
0.80351
0.708848
0.685829
0.568602
0.588597
0.478845
0.337808
0.176463
0.157941
0.307464
0.461304
0.621212
0.706904
0.791328
0.793677
0.8041
0.792233
0.813169
0.799152
0.72418
0.67135
0.603486
0.489504
0.348844
0.180199
0.163891
0.316366
0.459562
0.552338
0.648396
0.712818
0.772875
0.806967
0.807592
0.761473
0.794773
0.710967
0.710381
0.615031
0.478654
0.340445
0.177096
0.187531
0.33841
0.432372
0.588274
0.697257
0.762788
0.831951
0.777327
0.794195
0.765897
0.803856
0.718738
0.712937
0.590292
0.453529
0.337858
0.176663
0.179861
0.17765
0.336261
0.490947
0.632638
0.710331
0.730605
0.815532
0.725722
0.798142
0.713953
0.708432
0.694115
0.614118
0.50578
0.352568
0.18436
0.17716
0.340625
0.486149
0.490586
0.614603
0.697605
0.715825
0.634661
0.715648
0.690847
0.674704
0.562408
0.486318
0.34483
0.178631
0.171064
0.368177
0.319428
0.46512
0.473383
0.592281
0.688037
0.661088
0.659868
0.591831
0.535149
0.597692
0.467489
0.339275
0.17829
0.183218
0.324923
0.399287
0.493522
0.555807
0.625918
0.489306
0.55664
0.448071
0.478296
0.469675
0.353683
0.184898
0.177313
0.344883
0.349099
0.474758
0.488952
0.480354
0.392934
0.479767
0.343829
0.351592
0.185146
0.19059
0.189352
0.190072
0.33354
0.333731
0.335096
0.328244
0.32803
0.182792
0.172031
0.169233
0.17506
0.170265
0.176845
0.176123
0.175122
0.196152
0.160515
0.174208
0.180361
0.174585
0.174568
0.150513
0.16546
0.344363
0.363793
0.310364
0.334247
0.340393
0.345352
0.348322
0.169958
0.166181
0.292375
0.329618
0.34387
0.497452
0.484663
0.459447
0.476102
0.49684
0.499546
0.486578
0.335018
0.317447
0.225313
0.15567
0.333493
0.449808
0.4925
0.629395
0.642409
0.600964
0.617588
0.64704
0.623752
0.56936
0.422522
0.432864
0.341436
0.181693
0.172777
0.341399
0.4778
0.50173
0.629838
0.720453
0.705793
0.699836
0.760437
0.700433
0.639009
0.467167
0.495897
0.35116
0.187123
0.182749
0.361235
0.50196
0.606545
0.635839
0.752452
0.781162
0.796681
0.72251
0.808028
0.797924
0.761376
0.666949
0.614041
0.48588
0.31795
0.16765
0.170256
0.326999
0.492763
0.615809
0.73201
0.818868
0.805532
0.855979
0.83923
0.878338
0.801399
0.762949
0.708499
0.595962
0.460534
0.330857
0.174421
0.182967
0.331641
0.457207
0.576935
0.731646
0.84385
0.871167
0.867647
0.918416
0.867295
0.872998
0.800513
0.728259
0.621698
0.488278
0.335314
0.1781
0.178914
0.340627
0.475455
0.595672
0.685382
0.744238
0.832854
0.870352
0.886584
0.881129
0.810682
0.718109
0.712655
0.599436
0.450306
0.329404
0.188647
0.173507
0.336745
0.47419
0.577761
0.70819
0.779151
0.86716
0.877341
0.876662
0.860786
0.873994
0.806899
0.667797
0.579986
0.477399
0.338283
0.188935
0.173512
0.330624
0.476424
0.613036
0.738631
0.807726
0.801584
0.886465
0.808866
0.858675
0.759766
0.813042
0.730284
0.611957
0.509881
0.342822
0.166442
0.180431
0.32413
0.489816
0.622292
0.548655
0.764892
0.785223
0.81532
0.733729
0.760908
0.78356
0.76337
0.694789
0.611358
0.476548
0.337436
0.176466
0.186546
0.323993
0.465754
0.472262
0.569451
0.693903
0.732463
0.616241
0.687545
0.72782
0.620548
0.51899
0.485851
0.332307
0.172946
0.174646
0.336037
0.332985
0.472889
0.618421
0.630713
0.613647
0.606499
0.479632
0.604036
0.616264
0.496847
0.36064
0.345403
0.184377
0.168039
0.334791
0.366774
0.505695
0.483983
0.455088
0.439095
0.338842
0.489091
0.488037
0.336558
0.344987
0.187763
0.174491
0.186614
0.330092
0.330975
0.28714
0.315649
0.346857
0.345118
0.346625
0.178318
0.176618
0.178686
0.153486
0.180601
0.188177
0.192374
0.177759
0.182876
0.1666
0.177559
0.149702
0.188819
0.173526
0.178707
0.16624
0.171853
0.138168
0.184433
0.303357
0.330666
0.323099
0.442993
0.33248
0.479138
0.329151
0.246881
0.312226
0.156609
0.173825
0.368582
0.443525
0.500124
0.470648
0.54621
0.5916
0.62973
0.473334
0.433475
0.470603
0.326271
0.155108
0.166717
0.309194
0.455129
0.52871
0.606908
0.623132
0.663344
0.699175
0.73595
0.571196
0.631843
0.56326
0.483516
0.331964
0.176769
0.184463
0.332264
0.479974
0.584053
0.614639
0.725134
0.743799
0.798689
0.722252
0.830095
0.732392
0.704
0.620076
0.593784
0.4861
0.342224
0.185386
0.18145
0.347384
0.512971
0.624784
0.714069
0.734732
0.820386
0.864277
0.809739
0.873331
0.803765
0.81396
0.720742
0.613803
0.475606
0.337936
0.163647
0.171199
0.321444
0.47544
0.618935
0.707933
0.821868
0.857227
0.91915
0.890302
0.935137
0.866626
0.803811
0.716381
0.597512
0.460141
0.309217
0.164639
0.182285
0.368632
0.593828
0.698125
0.800843
0.871541
0.911695
0.933259
0.968692
0.93478
0.924115
0.85037
0.803209
0.686588
0.571689
0.453842
0.165099
0.166902
0.330908
0.602806
0.718044
0.781807
0.866026
0.913908
0.967636
0.935058
0.937684
0.885601
0.811654
0.733023
0.657459
0.504363
0.330105
0.175369
0.181574
0.476351
0.59773
0.701135
0.806766
0.879105
0.929472
0.917885
0.943771
0.922101
0.908049
0.876767
0.789635
0.741669
0.61645
0.361449
0.18279
0.165345
0.338561
0.469512
0.608673
0.714995
0.825836
0.867521
0.940031
0.889537
0.916133
0.849806
0.828729
0.739715
0.63065
0.485608
0.333726
0.160049
0.179471
0.351628
0.470026
0.670456
0.739801
0.673525
0.829554
0.888239
0.818325
0.85726
0.817885
0.809475
0.72258
0.608482
0.475472
0.342103
0.18447
0.184253
0.347798
0.517879
0.606032
0.605046
0.740167
0.731029
0.820091
0.726253
0.802483
0.726771
0.724947
0.616996
0.609904
0.471796
0.328517
0.175168
0.175998
0.327483
0.479751
0.472109
0.673633
0.617608
0.712745
0.677837
0.714868
0.619848
0.611537
0.500185
0.483932
0.334844
0.171755
0.17157
0.330814
0.524755
0.482486
0.447583
0.5907
0.545013
0.587612
0.483262
0.49495
0.471735
0.342683
0.177451
0.179309
0.348243
0.310444
0.308602
0.380622
0.323809
0.491378
0.346312
0.337148
0.324181
0.172903
0.144965
0.177389
0.165905
0.179514
0.156016
0.179184
0.183249
0.185451
0.163246
0.164178
0.180653
0.172402
0.184247
0.121282
0.245638
0.352629
0.330078
0.334611
0.291566
0.165831
0.180268
0.184083
0.354783
0.305396
0.435175
0.545674
0.476422
0.466659
0.436921
0.343192
0.363437
0.182165
0.159179
0.295474
0.33887
0.481378
0.439593
0.589705
0.672029
0.609018
0.597479
0.583595
0.495826
0.44391
0.290111
0.174651
0.193704
0.180692
0.327716
0.452057
0.595319
0.540695
0.672741
0.733151
0.748767
0.697021
0.68439
0.551631
0.591516
0.350285
0.315866
0.168379
0.178776
0.339692
0.472152
0.587515
0.680534
0.716266
0.801424
0.783037
0.815743
0.787211
0.828024
0.757874
0.695565
0.606331
0.460535
0.332579
0.159604
0.16262
0.319681
0.475475
0.5967
0.712259
0.795237
0.870016
0.850365
0.883805
0.884974
0.893832
0.804389
0.708168
0.573339
0.467624
0.307249
0.174462
0.172823
0.443998
0.582395
0.690578
0.78706
0.868804
0.908339
0.907717
0.946072
0.939393
0.944132
0.885582
0.803451
0.689159
0.585073
0.359166
0.186846
0.169291
0.311488
0.536242
0.662376
0.752743
0.83498
0.898683
0.936102
0.964423
0.980629
0.96866
0.933251
0.867463
0.784869
0.717261
0.649511
0.488989
0.327826
0.17126
0.175756
0.329152
0.469383
0.614804
0.757477
0.835937
0.91335
0.962091
0.994205
0.976185
0.98992
0.945069
0.887623
0.825873
0.750277
0.558377
0.427782
0.2615
0.174629
0.170791
0.337444
0.496785
0.560611
0.686658
0.790719
0.88359
0.936474
0.972004
0.982148
0.961651
0.908785
0.840679
0.77386
0.673929
0.546652
0.504956
0.361133
0.170462
0.219346
0.417668
0.61821
0.731054
0.809451
0.876655
0.914258
0.942829
0.940364
0.947467
0.898232
0.888283
0.805456
0.695521
0.573215
0.457744
0.305082
0.164886
0.312393
0.368354
0.551329
0.772561
0.816093
0.884077
0.878435
0.877353
0.886103
0.883136
0.850644
0.698129
0.582084
0.479703
0.351578
0.176343
0.175261
0.299343
0.451244
0.590721
0.701208
0.734414
0.799518
0.851122
0.798759
0.830752
0.814485
0.756927
0.724963
0.595495
0.448204
0.339011
0.187144
0.172186
0.174577
0.471486
0.604283
0.613074
0.709503
0.782577
0.74325
0.737823
0.705254
0.592866
0.629295
0.471433
0.189746
0.174694
0.323204
0.316965
0.475893
0.485539
0.580721
0.673413
0.604469
0.621483
0.603794
0.469971
0.474812
0.311618
0.31749
0.167343
0.179218
0.346922
0.37326
0.453858
0.510152
0.447401
0.512124
0.3572
0.333637
0.335858
0.168279
0.146602
0.185024
0.168967
0.312083
0.345607
0.298589
0.345619
0.192271
0.181832
0.178803
0.175711
0.165982
0.173292
0.182739
0.182715
0.17588
0.175471
0.163549
0.1752
0.320229
0.368075
0.319521
0.165436
0.184802
0.167911
0.167167
0.183052
0.334246
0.335252
0.289659
0.400083
0.485972
0.466279
0.339851
0.340304
0.311625
0.166875
0.182845
0.170528
0.351744
0.3339
0.470084
0.457335
0.563541
0.6487
0.536502
0.574863
0.510799
0.369022
0.46467
0.380975
0.329482
0.171079
0.180599
0.468897
0.525872
0.471533
0.588579
0.684948
0.768756
0.666502
0.764667
0.658887
0.613412
0.551503
0.488537
0.360653
0.160865
0.179256
0.332924
0.485723
0.603713
0.665698
0.608766
0.730581
0.815017
0.868299
0.832917
0.754014
0.677315
0.624921
0.53949
0.450963
0.322782
0.169079
0.147067
0.177397
0.342016
0.600632
0.711469
0.762934
0.814505
0.893945
0.90644
0.85305
0.798106
0.728206
0.668473
0.578594
0.357529
0.195884
0.15684
0.16636
0.316989
0.472931
0.702835
0.701652
0.800765
0.862538
0.948934
0.933085
0.924038
0.873707
0.866779
0.773247
0.666171
0.495815
0.300564
0.175214
0.168624
0.321952
0.461916
0.595128
0.78574
0.786825
0.870975
0.923704
0.974504
0.98206
0.974647
0.918134
0.873653
0.790757
0.720902
0.5876
0.417093
0.332883
0.20903
0.172865
0.336893
0.474911
0.59705
0.712025
0.834659
0.890006
0.943861
0.980314
0.99577
0.964292
0.908508
0.844494
0.820195
0.643744
0.623785
0.490993
0.343234
0.175548
0.178557
0.337454
0.473129
0.632902
0.754335
0.834632
0.891104
0.940792
0.970145
0.996172
0.977508
0.949654
0.907294
0.832001
0.752689
0.60141
0.476839
0.340366
0.175227
0.157666
0.332348
0.519469
0.669055
0.759893
0.828858
0.890558
0.91167
0.969075
0.932709
0.9258
0.864451
0.773645
0.707803
0.439616
0.339181
0.171816
0.165259
0.309616
0.460045
0.578145
0.674313
0.749302
0.83355
0.868404
0.915972
0.867293
0.882604
0.778419
0.681686
0.60149
0.482839
0.343844
0.172557
0.159954
0.320975
0.448006
0.56587
0.650571
0.646266
0.74012
0.820453
0.838843
0.797077
0.804395
0.697349
0.688555
0.57662
0.467892
0.318945
0.185738
0.16466
0.32659
0.483795
0.548752
0.619939
0.703108
0.78208
0.692323
0.779837
0.704177
0.599476
0.583342
0.566559
0.435443
0.164764
0.162302
0.333003
0.410195
0.498795
0.479675
0.557627
0.591398
0.590511
0.664539
0.578677
0.476518
0.473256
0.440485
0.323997
0.184729
0.208441
0.160094
0.326626
0.344601
0.375242
0.445514
0.479122
0.461765
0.326905
0.330616
0.329075
0.17721
0.175519
0.179909
0.175634
0.306776
0.332532
0.331367
0.34342
0.170853
0.164927
0.177245
0.1798
0.174433
0.177283
0.175427
0.176258
0.197418
0.170788
0.202501
0.162349
0.156511
0.304536
0.337138
0.327555
0.166225
0.147261
0.210582
0.179037
0.353844
0.31981
0.458643
0.542604
0.388493
0.473154
0.446838
0.296364
0.331736
0.151692
0.16889
0.280421
0.158249
0.33932
0.471331
0.596621
0.68891
0.632356
0.582254
0.593486
0.49274
0.455223
0.208494
0.180884
0.159982
0.174331
0.334226
0.445684
0.597373
0.507918
0.625113
0.735314
0.748716
0.702832
0.702828
0.596667
0.532959
0.453857
0.313762
0.181541
0.17465
0.333947
0.466065
0.587426
0.695813
0.704495
0.82081
0.817815
0.821988
0.802038
0.79162
0.684324
0.727674
0.60146
0.457181
0.308452
0.155149
0.16611
0.317605
0.46431
0.59617
0.801338
0.792558
0.87158
0.888103
0.871241
0.890083
0.875132
0.826652
0.720245
0.591073
0.451847
0.27756
0.189239
0.218483
0.425328
0.580953
0.694743
0.788202
0.883539
0.926717
0.948277
0.932154
0.966272
0.938453
0.880032
0.808408
0.707102
0.584995
0.391318
0.157226
0.17048
0.354297
0.533987
0.683127
0.763699
0.863343
0.851984
0.930805
0.966299
0.976614
0.975404
0.932961
0.859026
0.774113
0.665267
0.532878
0.470696
0.323
0.169496
0.172356
0.328824
0.468683
0.597691
0.790394
0.83488
0.912797
0.96241
0.991795
0.983728
0.984986
0.955425
0.914523
0.779208
0.73538
0.607612
0.480808
0.339674
0.17889
0.167412
0.333478
0.582226
0.700856
0.702857
0.816185
0.872141
0.941552
0.974054
0.966535
0.974852
0.94788
0.879472
0.843656
0.777195
0.683716
0.541926
0.330889
0.162193
0.21463
0.423969
0.561614
0.663956
0.803387
0.878628
0.936013
0.928154
0.918826
0.935673
0.946309
0.896221
0.808537
0.697803
0.593863
0.336953
0.305217
0.140867
0.303558
0.439299
0.511272
0.725064
0.802671
0.874146
0.823488
0.879929
0.875958
0.891289
0.819348
0.721206
0.590541
0.468867
0.306165
0.167903
0.168428
0.347376
0.406582
0.582702
0.680659
0.718657
0.804317
0.780311
0.782504
0.791171
0.816614
0.720173
0.724552
0.60851
0.468214
0.325106
0.154588
0.177121
0.204727
0.478607
0.603664
0.602187
0.703939
0.704364
0.746192
0.71753
0.709102
0.599457
0.613667
0.478715
0.320181
0.174603
0.172948
0.334353
0.482241
0.486126
0.602597
0.664024
0.627498
0.680281
0.594148
0.471314
0.475205
0.337856
0.167172
0.169927
0.178071
0.347669
0.348921
0.475612
0.535848
0.47323
0.555086
0.452014
0.342081
0.342532
0.180114
0.178314
0.188299
0.190959
0.321177
0.344504
0.318322
0.311657
0.170453
0.176321
0.178402
0.158346
0.173153
0.179858
0.174339
0.192316
0.190354
0.330932
0.16473
0.331905
0.170364
0.175499
0.183953
0.16837
0.223567
0.330345
0.344844
0.444275
0.295601
0.479173
0.334404
0.33885
0.322218
0.170602
0.163186
0.33654
0.420433
0.487483
0.481105
0.592781
0.503519
0.584258
0.478332
0.458999
0.496362
0.364066
0.19148
0.176038
0.327185
0.465466
0.52715
0.595662
0.616978
0.692175
0.712762
0.710074
0.61038
0.606045
0.625679
0.483069
0.32118
0.161766
0.169353
0.336093
0.517737
0.592023
0.667774
0.725489
0.726049
0.808374
0.785094
0.805037
0.722429
0.714397
0.722668
0.619069
0.473238
0.327175
0.148755
0.179759
0.31958
0.477775
0.678919
0.718184
0.822375
0.814226
0.887007
0.828194
0.86464
0.814167
0.808342
0.728737
0.605603
0.455777
0.317671
0.157077
0.174404
0.338818
0.483994
0.606944
0.726284
0.800801
0.88141
0.937668
0.895304
0.935169
0.879692
0.821362
0.701959
0.575005
0.47179
0.28461
0.176388
0.326568
0.463639
0.617089
0.666575
0.778972
0.887358
0.934904
0.91493
0.94922
0.908706
0.932949
0.895146
0.787314
0.702199
0.574976
0.434593
0.303801
0.162455
0.316726
0.32555
0.470472
0.718955
0.787043
0.849898
0.920315
0.963585
0.935428
0.95861
0.903828
0.857168
0.770882
0.661014
0.532329
0.358465
0.1653
0.3324
0.475747
0.611589
0.687725
0.774935
0.862592
0.921981
0.94894
0.945599
0.919661
0.941787
0.883109
0.816962
0.710815
0.589848
0.398982
0.21
0.17322
0.315177
0.423288
0.606096
0.709435
0.803694
0.873693
0.92544
0.909113
0.933026
0.890861
0.825811
0.731567
0.622776
0.468947
0.306741
0.180948
0.167929
0.213341
0.494836
0.60769
0.727686
0.806694
0.804308
0.871018
0.833184
0.868374
0.807265
0.821003
0.732965
0.624462
0.510599
0.343128
0.18279
0.142411
0.278015
0.453135
0.522321
0.627623
0.720512
0.72511
0.765481
0.737429
0.806922
0.727915
0.728341
0.620911
0.484968
0.483762
0.336403
0.183142
0.16725
0.34423
0.459897
0.597947
0.630653
0.589424
0.677805
0.677029
0.698727
0.61564
0.618574
0.614764
0.490971
0.338183
0.18256
0.195598
0.357779
0.487696
0.492342
0.457223
0.57441
0.48197
0.586452
0.457914
0.483618
0.487652
0.34095
0.176731
0.184921
0.329059
0.337184
0.318403
0.416699
0.332122
0.373827
0.321367
0.349094
0.348939
0.183033
0.177107
0.187994
0.168252
0.211093
0.165818
0.201107
0.168618
0.183507
0.184441
0.177917
0.176537
0.164642
0.165213
0.174422
0.182259
0.181808
0.158884
0.172902
0.357398
0.341107
0.316604
0.325066
0.340284
0.345558
0.324855
0.172478
0.168989
0.208597
0.313877
0.341469
0.493083
0.504711
0.467439
0.441497
0.476344
0.478852
0.481653
0.331445
0.344294
0.18153
0.177534
0.352996
0.436221
0.480672
0.617934
0.610099
0.59908
0.591791
0.598566
0.606169
0.599964
0.455886
0.502081
0.347487
0.173851
0.177123
0.345784
0.481055
0.582615
0.641875
0.720043
0.727666
0.67252
0.701764
0.717646
0.64612
0.613997
0.488405
0.341084
0.188181
0.182968
0.340961
0.484204
0.616659
0.61042
0.737229
0.754247
0.807809
0.742408
0.810463
0.769827
0.783911
0.707953
0.605187
0.503427
0.330738
0.193564
0.179486
0.342273
0.504029
0.610799
0.711714
0.81584
0.810025
0.868492
0.809147
0.889739
0.815184
0.783546
0.723561
0.653455
0.402783
0.327391
0.162924
0.177041
0.347194
0.488428
0.560135
0.685534
0.763312
0.878759
0.829153
0.885257
0.843973
0.870775
0.818962
0.708137
0.594101
0.467577
0.312138
0.180329
0.164933
0.335044
0.322158
0.60042
0.697925
0.766158
0.852957
0.905746
0.894927
0.863429
0.820247
0.736701
0.664356
0.539474
0.426921
0.280419
0.167437
0.176946
0.338448
0.471258
0.575254
0.671616
0.804963
0.886058
0.886337
0.887375
0.840734
0.877173
0.822451
0.689534
0.593262
0.466795
0.427186
0.137467
0.174428
0.342129
0.501558
0.602797
0.739695
0.833932
0.820711
0.858556
0.822626
0.869708
0.808264
0.807555
0.750723
0.636766
0.508221
0.340982
0.182941
0.174683
0.339764
0.464459
0.606459
0.712811
0.766537
0.796501
0.772896
0.712927
0.770327
0.780045
0.824651
0.742298
0.631011
0.51055
0.35474
0.188403
0.177611
0.341282
0.484739
0.498014
0.650439
0.702197
0.665301
0.622582
0.649627
0.706642
0.726888
0.628032
0.504779
0.354679
0.183626
0.179121
0.343556
0.333405
0.468208
0.597735
0.611853
0.54983
0.563039
0.556272
0.607906
0.616709
0.496632
0.492364
0.348723
0.183328
0.179302
0.336873
0.335
0.491822
0.450557
0.461162
0.347508
0.438179
0.476316
0.493014
0.351317
0.347227
0.175251
0.177417
0.175769
0.337115
0.305874
0.319068
0.251872
0.310058
0.324483
0.343172
0.183144
0.180363
0.173733
0.161669
0.165055
0.170611
0.15988
0.18099
0.189456
0.157545
0.170505
0.189903
0.172307
0.175121
0.179869
0.184409
0.317194
0.318911
0.374275
0.331408
0.334299
0.178713
0.175634
0.173807
0.176172
0.346202
0.3335
0.466353
0.471079
0.460834
0.46967
0.487922
0.345376
0.337354
0.192933
0.180831
0.177833
0.330658
0.354223
0.484278
0.525926
0.611561
0.55006
0.599092
0.499793
0.503341
0.497437
0.352666
0.179336
0.182893
0.343209
0.484817
0.501157
0.477743
0.622601
0.682839
0.622287
0.688151
0.629355
0.54491
0.600174
0.480931
0.334872
0.168548
0.178877
0.336727
0.478284
0.484103
0.559944
0.689235
0.730621
0.689626
0.705864
0.729761
0.695856
0.487112
0.435795
0.33912
0.171588
0.189733
0.334094
0.476844
0.575424
0.620434
0.717692
0.730962
0.762235
0.730231
0.821621
0.736074
0.713357
0.635419
0.588657
0.500169
0.324448
0.162897
0.188142
0.373763
0.45994
0.569103
0.652788
0.680355
0.789487
0.857451
0.79367
0.74815
0.829186
0.726844
0.711811
0.598844
0.465099
0.325751
0.177483
0.177988
0.327034
0.462141
0.592928
0.663967
0.68657
0.774152
0.838558
0.81749
0.78423
0.720121
0.628442
0.607149
0.589036
0.471629
0.346635
0.187264
0.170337
0.344275
0.456024
0.556408
0.689531
0.731775
0.823505
0.850233
0.826119
0.766419
0.797635
0.724132
0.617776
0.54591
0.437099
0.329117
0.191523
0.179159
0.334903
0.471163
0.490735
0.628717
0.731147
0.723668
0.808131
0.728326
0.792626
0.733801
0.714555
0.692725
0.496968
0.352065
0.197406
0.173024
0.165948
0.314413
0.47842
0.483299
0.619148
0.755103
0.663803
0.609092
0.709611
0.706841
0.733841
0.583097
0.497389
0.353643
0.175453
0.168738
0.336956
0.419456
0.561492
0.593804
0.693776
0.683197
0.618276
0.658353
0.655995
0.583145
0.631018
0.500417
0.36083
0.190566
0.169799
0.332375
0.48683
0.487893
0.578594
0.524839
0.483099
0.519178
0.575981
0.468225
0.489756
0.348653
0.190813
0.173077
0.179089
0.346973
0.34224
0.452427
0.375977
0.474116
0.345557
0.468743
0.343798
0.334907
0.176185
0.179586
0.177215
0.193263
0.297011
0.364839
0.320289
0.401973
0.306235
0.175375
0.19651
0.159143
0.189396
0.158041
0.148621
0.157334
0.178112
0.178298
0.171884
0.186243
0.169102
0.181223
0.176092
0.172704
0.182874
0.356498
0.356369
0.335421
0.340432
0.318667
0.35075
0.342661
0.178621
0.177871
0.176446
0.324454
0.338621
0.331759
0.442451
0.48384
0.491646
0.449196
0.456018
0.39514
0.321327
0.335009
0.172637
0.169634
0.330092
0.415792
0.467236
0.577833
0.595617
0.584812
0.571528
0.598827
0.465428
0.459272
0.330405
0.206396
0.161103
0.318874
0.402684
0.4772
0.606705
0.648246
0.582194
0.610095
0.612363
0.617684
0.591171
0.496546
0.344796
0.316374
0.170868
0.164075
0.293115
0.453683
0.504316
0.582595
0.612134
0.718221
0.687834
0.64445
0.606638
0.619482
0.486151
0.456964
0.334533
0.164508
0.188054
0.331506
0.408618
0.555842
0.550737
0.665264
0.760172
0.769449
0.631156
0.68518
0.598422
0.599547
0.475257
0.317617
0.160198
0.171578
0.344844
0.521735
0.577488
0.615189
0.727895
0.77211
0.69975
0.735479
0.669348
0.5907
0.487334
0.442157
0.326835
0.138163
0.179108
0.292595
0.413699
0.575121
0.577077
0.708802
0.785066
0.758738
0.738216
0.687505
0.614796
0.615516
0.475865
0.277632
0.173035
0.191722
0.368535
0.464186
0.603416
0.612832
0.619388
0.682362
0.720908
0.678097
0.607577
0.610887
0.600733
0.476341
0.337464
0.14749
0.174721
0.329619
0.331246
0.489058
0.62299
0.622671
0.562219
0.610371
0.554642
0.605693
0.617543
0.486533
0.455281
0.344441
0.175691
0.174819
0.339385
0.483342
0.531604
0.550344
0.572025
0.46766
0.56301
0.517766
0.505523
0.493435
0.342822
0.185203
0.208068
0.34128
0.295765
0.462485
0.455687
0.393536
0.49357
0.395065
0.41729
0.430334
0.233381
0.353587
0.181368
0.183673
0.176461
0.341488
0.30168
0.199461
0.337589
0.203864
0.266998
0.314625
0.160613
0.180281
0.169128
0.157062
0.187856
0.174381
0.201665
0.151923
0.155212
0.172718
0.201597
0.177672
0.176234
0.181243
0.331043
0.190696
0.172278
0.321533
0.208096
0.166409
0.16563
0.327851
0.260944
0.331132
0.473424
0.316219
0.313713
0.321204
0.163269
0.17035
0.175707
0.171593
0.320382
0.343413
0.49382
0.473619
0.470921
0.464158
0.488772
0.343872
0.349015
0.179467
0.165879
0.204934
0.327749
0.338963
0.488645
0.481617
0.478407
0.458353
0.489127
0.487649
0.489242
0.340891
0.338412
0.183976
0.149268
0.332731
0.424477
0.499105
0.495334
0.607027
0.555906
0.550542
0.469156
0.484983
0.479601
0.345256
0.178021
0.177198
0.220128
0.321016
0.459244
0.477611
0.621258
0.701866
0.638828
0.513882
0.548499
0.464707
0.486703
0.347021
0.33841
0.161743
0.159007
0.30102
0.447254
0.463903
0.468067
0.536398
0.656043
0.66813
0.595105
0.530994
0.447261
0.494858
0.345279
0.351557
0.211751
0.136843
0.196479
0.327163
0.473386
0.454366
0.576548
0.684387
0.643352
0.646569
0.565939
0.469768
0.483404
0.338751
0.328728
0.18829
0.18105
0.3111
0.492503
0.488825
0.496186
0.599467
0.499763
0.598028
0.501867
0.466428
0.489867
0.347338
0.174175
0.168613
0.346346
0.357532
0.495209
0.510669
0.470839
0.469728
0.466136
0.471848
0.495358
0.349117
0.333444
0.322845
0.176673
0.188931
0.363626
0.334766
0.462368
0.452761
0.477679
0.45377
0.470777
0.348483
0.350486
0.181015
0.173786
0.178691
0.191995
0.36718
0.352088
0.303995
0.318416
0.318442
0.342146
0.342247
0.177946
0.178209
0.150073
0.178974
0.165842
0.201112
0.325627
0.184752
0.161158
0.172129
0.155926
0.173456
0.168484
0.134641
0.160557
0.162219
0.178675
0.165861
0.187903
0.181225
0.16606
0.178405
0.170589
0.329809
0.338116
0.337061
0.335447
0.333936
0.171414
0.190424
0.156512
0.176526
0.344161
0.343581
0.323951
0.328343
0.368982
0.340538
0.343689
0.185864
0.179645
0.150658
0.240839
0.329839
0.341206
0.462618
0.335652
0.406463
0.32879
0.341396
0.338238
0.180653
0.18045
0.363692
0.339433
0.444461
0.58141
0.468497
0.452488
0.447786
0.365028
0.318957
0.178075
0.17954
0.157219
0.169125
0.311448
0.320053
0.350713
0.480012
0.573621
0.448962
0.333282
0.294296
0.340545
0.18364
0.178765
0.180236
0.335597
0.323607
0.441847
0.558439
0.44845
0.559219
0.399694
0.21463
0.319293
0.181631
0.175139
0.161812
0.336839
0.311344
0.359357
0.379943
0.340592
0.424882
0.33488
0.309962
0.345246
0.176783
0.184085
0.193835
0.35841
0.337838
0.346139
0.325569
0.320747
0.310425
0.331862
0.183274
0.177303
0.183105
0.175066
0.306126
0.394513
0.329388
0.370105
0.319646
0.179223
0.182947
0.185929
0.146599
0.216424
0.16606
0.182527
0.170156
0.186867
0.143448
0.159889
0.17274
0.185977
0.188747
0.172224
0.175623
0.181487
0.186134
0.17294
0.164687
0.194938
0.187375
0.182984
0.174537
0.179937
0.17097
0.184698
0.166933
0.209787
0.179854
0.180869
0.180293
0.178337
0.175554
0.317397
0.327138
0.316195
0.331874
0.161178
0.181961
0.174963
0.168546
0.178178
0.172557
0.331373
0.332712
0.309907
0.208696
0.169401
0.170451
0.169704
0.162903
0.286646
0.330498
0.323893
0.320968
0.176004
0.150358
0.166135
0.157452
0.178626
0.194886
0.198028
0.163592
0.204023
0.165405
0.156346
0.17584
0.176541
0.185197
0.179311
0.170964
0.16495
0.168518
0.178335
0.163028
0.182755
0.155539
0.186199
0.166108
0.177038
0.169945
0.167355
0.174992
0.172642
0.17358
0.158135
0.185514
0.16155
