0
0
0
0
0
0
0
0
0
0
0
0
0
0
0
0
0
0
0
0
0
0
0
0
0
0
0
0
0
0
0
0
0
0
0
0
0
0
0
0
0
0
0
0
0
0
0
0
0
0
0
0
0
0
0
0
0
0
0
0
0
0
0
0
0
0
0
0
0
0
0
0
0
0
0
0
0
0
0
0
0
0
0
0
0
0
0
0
0
0
0
0
0
0
0
0
0
0
0
0
0
0
0
0
0
0
0
0
0
0
0
0
0
0
0
0
0
0
0
0
0
0
0
0
0
0
0
0
0
0
0
0
0
0
0
0
0
0
0
0
0
0
0
0
0
0
0
0
0
0
0
0
0
0
0
0
0
0
0
0
0
0
0
0
0
0
0
0
0
0
0
0
0
0
0
0
0
0
0
0
0
0
0
0
0
0
0
0
0
0
0
0
0
0
0
0
0
0
0
0
0
0
0
0
0
0
0
0
0
0
0
0
0
0
0
0
0
0
0
0
0
0
0
0
0
0
0
0
0
0
0
0
0
0
0
0
0
0
0
0
0
0
0
0
0
0
0
0
0
0
0
0
0.333171
0.360584
0.282328
0.336867
0.340482
0.297547
0.31999
0.364794
0.349719
0.358141
0.330518
0.354792
0.290502
0.359208
0.623847
0.622471
0.538559
0.197834
0.346517
0.347231
0.367308
0.6314
0.579272
0.625446
0.329885
0.340606
0.27555
0.349166
0.628373
0.593495
0.352293
0.376359
0.254967
0.357986
0.336157
0.366959
0.315338
0.365828
0.254729
0.291971
0.368318
0.355458
0.356731
0.397964
0.312223
0.366063
0.374882
0.593942
0.6405
0.397856
0.58697
0.356346
0.27996
0.585695
0.674099
0.827177
0.720163
0.586858
0.338189
0.563028
0.649907
0.833202
0.780476
0.800095
0.632365
0.349124
0.371696
0.555377
0.82125
0.81487
0.625912
0.590644
0.334352
0.360526
0.652521
0.547089
0.625488
0.557074
0.650053
0.36295
0.356603
0.344676
0.356345
0.327953
0.336616
0.301388
0.289991
0.346728
0.329032
0.581206
0.411099
0.291227
0.332287
0.384961
0.572461
0.623771
0.788606
0.691854
0.587185
0.310851
0.345181
0.677087
0.828096
0.936138
0.848649
0.670041
0.596432
0.348788
0.624266
0.805994
0.937507
0.933752
0.935519
0.810904
0.619872
0.419125
0.597417
0.647224
0.86221
0.934856
0.820863
0.82304
0.603453
0.326327
0.527605
0.642089
0.788867
0.807141
0.611255
0.328045
0.162748
0.336589
0.619147
0.629912
0.607911
0.341394
0.36212
0.384695
0.310967
0.346708
0.347902
0.341499
0.605822
0.369929
0.624625
0.351461
0.287528
0.327329
0.623291
0.81424
0.666458
0.802908
0.582622
0.378579
0.351562
0.611842
0.834641
0.947377
0.8643
0.95431
0.835778
0.636833
0.342122
0.334463
0.557776
0.781913
0.938996
1.00041
0.931351
0.748585
0.572343
0.293106
0.329096
0.596182
0.765224
0.842352
0.946272
0.942167
0.812644
0.595254
0.32502
0.326461
0.643038
0.817244
0.828608
0.798314
0.557019
0.351867
0.339249
0.357237
0.616756
0.61853
0.61598
0.319616
0.307952
0.375304
0.328384
0.319315
0.342753
0.346196
0.367477
0.58489
0.585391
0.564815
0.329615
0.365316
0.353993
0.598362
0.636612
0.793511
0.803491
0.65731
0.372641
0.638855
0.788322
0.816773
0.925963
0.857743
0.640601
0.328096
0.344663
0.632048
0.845811
0.942774
0.945431
0.804628
0.774778
0.561089
0.352481
0.34752
0.621256
0.781846
0.869316
0.921088
0.815554
0.62821
0.325968
0.38339
0.787614
0.799983
0.722208
0.613091
0.344563
0.352227
0.545446
0.587027
0.419469
0.335066
0.336365
0.339006
0.343279
0.335737
0.343934
0.337319
0.298359
0.344582
0.582775
0.596667
0.646602
0.363457
0.629364
0.371252
0.35433
0.644315
0.582549
0.73491
0.798326
0.360585
0.368298
0.374985
0.603073
0.805566
0.834459
0.794908
0.621202
0.243153
0.309181
0.468932
0.585536
0.784351
0.801932
0.614125
0.341547
0.297191
0.611081
0.637191
0.64251
0.594538
0.59705
0.34995
0.29595
0.30079
0.374705
0.306918
0.321654
0.3259
0.362019
0.309068
0.407375
0.351284
0.26832
0.341106
0.353195
0.290062
0.343725
0.616375
0.567682
0.338338
0.343764
0.350913
0.621935
0.629355
0.616723
0.336546
0.365124
0.316531
0.322697
0.562896
0.641291
0.593293
0.407632
0.334953
0.356834
0.337585
0.374476
0.353483
0.301074
0.349235
0.345139
0.341754
0.343417
0.362295
0.306815
0.349898
0.30891
