-0.081267,-0.064704,-0.99459
0.095918,-0.10306,-0.99004
-0.19652,0.048816,-0.97928
0.039524,0.061874,-0.9973
0.10377,-0.52886,-0.84234
-0.21105,-0.54238,-0.8132
-0.055407,-0.47486,-0.87832
0.050585,-0.37104,-0.92724
0.23596,-0.40991,-0.88108
0.38339,-0.45686,-0.80268
-0.48464,-0.33279,-0.80894
-0.33569,-0.28701,-0.89719
-0.19489,-0.39401,-0.89821
-0.026402,-0.22873,-0.97313
0.15537,-0.26192,-0.9525
0.38542,-0.28331,-0.87817
-0.44176,-0.15741,-0.88321
-0.18194,-0.23337,-0.95521
-0.1115,-0.10071,-0.84848
0.043077,-0.029718,-0.83758
0.27307,-0.17078,-0.94671
0.39187,-0.09275,-0.91534
0.53248,-0.17473,-0.82821
-0.54183,-0.0077177,-0.84045
-0.38432,0.013984,-0.9231
-0.27072,-0.10387,-0.95704
-0.056899,0.080582,-0.86205
0.14349,0.093416,-0.8585
0.22996,0.014767,-0.97309
0.36149,0.095873,-0.92744
0.50922,0.0017167,-0.86064
-0.47668,0.1679,-0.8629
-0.31016,0.17879,-0.93372
-0.12249,0.19254,-0.97361
0.050651,0.21374,-0.97558
0.22138,0.20896,-0.95254
0.37578,0.28148,-0.88293
0.49634,0.17014,-0.85129
-0.40466,0.33854,-0.8495
-0.24619,0.34058,-0.90741
-0.083885,0.34858,-0.93352
0.089498,0.36477,-0.92679
0.24689,0.38163,-0.89073
0.41323,0.42672,-0.80446
-0.1715,0.49605,-0.85119
0.00067717,0.50172,-0.86503
0.27199,0.52498,-0.80648
-0.017909,-0.75061,-0.66051
0.1267,-0.68147,-0.7208
0.29418,-0.70995,-0.63986
-0.36794,-0.59085,-0.71799
-0.1915,-0.67471,-0.71281
-0.04189,-0.62165,-0.78218
0.067583,-0.53899,-0.67763
0.24909,-0.57706,-0.77779
0.39159,-0.59496,-0.70192
-0.50517,-0.5006,-0.703
-0.35601,-0.44977,-0.81913
-0.24155,-0.49885,-0.65679
-0.090311,-0.45302,-0.72344
0.068988,-0.37016,-0.77052
0.2053,-0.43842,-0.70597
0.34497,-0.33544,-0.71783
0.53099,-0.49647,-0.6867
-0.61337,-0.37878,-0.69304
-0.36706,-0.23876,-0.71243
-0.24522,-0.33151,-0.74335
-0.088037,-0.29668,-0.81814
0.048915,-0.19697,-0.82218
0.2094,-0.27121,-0.80159
0.32595,-0.15926,-0.75372
0.52497,-0.3501,-0.77578
0.65858,-0.26296,-0.70507
-0.66936,-0.058974,-0.74059
-0.58785,-0.19865,-0.7842
-0.45941,-0.10051,-0.73365
-0.28463,-0.14258,-0.81286
-0.1402,-0.17158,-0.72144
0.019928,-0.066467,-0.69425
0.19672,-0.091284,-0.84586
0.33788,0.0050393,-0.79103
0.45215,-0.19995,-0.70503
0.64893,-0.06803,-0.7578
-0.73996,0.070589,-0.66894
-0.54032,0.033298,-0.6555
-0.39046,0.04519,-0.76021
-0.23396,0.037068,-0.82896
-0.10784,0.02284,-0.70691
0.044915,0.11548,-0.702
0.19445,0.025972,-0.71748
0.30314,0.16079,-0.78787
0.47318,-0.02901,-0.69955
0.62566,0.087118,-0.77522
-0.68748,0.26189,-0.67733
-0.61985,0.13579,-0.77288
-0.46365,0.1941,-0.68183
-0.32438,0.2082,-0.77645
-0.16666,0.20456,-0.81463
0.0029906,0.22981,-0.81828
0.15272,0.2445,-0.80292
0.39998,0.25321,-0.71178
0.51244,0.14786,-0.67358
0.67437,0.22837,-0.70219
-0.55465,0.31584,-0.76981
-0.3957,0.35034,-0.67445
-0.22862,0.35043,-0.73564
-0.058096,0.36705,-0.77854
0.12057,0.42117,-0.77134
0.2602,0.33958,-0.72662
0.36911,0.42793,-0.65337
0.54578,0.31646,-0.77587
-0.48352,0.48193,-0.73072
-0.33065,0.49252,-0.80505
-0.14522,0.49898,-0.688
0.024825,0.50563,-0.67462
0.21296,0.51088,-0.65092
0.39584,0.59217,-0.70189
0.54119,0.47967,-0.69067
-0.24019,0.63671,-0.73274
-0.066505,0.63234,-0.77183
0.11816,0.60002,-0.79121
0.23812,0.67969,-0.69378
0.012049,-0.85174,-0.52383
-0.47732,-0.68485,-0.55058
-0.33557,-0.70786,-0.62155
-0.16566,-0.79191,-0.58774
0.072234,-0.66715,-0.53616
0.1641,-0.79291,-0.58683
0.35283,-0.78809,-0.50441
-0.59435,-0.56483,-0.57246
-0.39729,-0.53314,-0.5557
-0.22841,-0.62592,-0.53536
-0.078268,-0.597,-0.60407
0.062638,-0.50733,-0.50374
0.21774,-0.57851,-0.59333
0.36402,-0.59645,-0.50311
0.47433,-0.65984,-0.58278
0.60954,-0.58273,-0.53747
-0.71127,-0.42426,-0.56045
-0.52905,-0.40797,-0.53573
-0.39743,-0.39562,-0.66077
-0.27575,-0.38545,-0.54715
-0.11797,-0.45799,-0.53261
0.030324,-0.39456,-0.60727
0.21495,-0.40944,-0.53627
0.35746,-0.45376,-0.61414
0.4936,-0.46804,-0.53593
0.67513,-0.41524,-0.60973
-0.70918,-0.24407,-0.66143
-0.51972,-0.25705,-0.63878
-0.41127,-0.28105,-0.51998
-0.25803,-0.21239,-0.57851
-0.13844,-0.32235,-0.63258
0.0045409,-0.24035,-0.66146
0.1789,-0.27792,-0.64046
0.33673,-0.26167,-0.57272
0.50768,-0.32699,-0.60963
0.63267,-0.27422,-0.50076
0.78162,-0.25042,-0.57128
-0.78543,-0.10671,-0.60969
-0.6033,-0.11651,-0.60474
-0.41588,-0.1095,-0.59217
-0.27055,-0.06771,-0.68045
-0.11704,-0.11036,-0.5719
0.049909,-0.15172,-0.53855
0.16446,-0.13267,-0.68181
0.32059,-0.079043,-0.60977
0.48603,-0.14172,-0.54528
0.60296,-0.15835,-0.63553
0.75981,-0.096091,-0.643
-0.84827,0.019871,-0.52919
-0.67339,0.016173,-0.51519
-0.51332,-0.013897,-0.47809
-0.37966,0.052518,-0.58405
-0.24431,0.10139,-0.66577
-0.14036,0.081791,-0.53759
-0.00025916,0.013663,-0.54461
0.15358,0.021283,-0.57085
0.34996,0.08804,-0.62966
0.58713,0.019304,-0.59506
0.74149,0.041391,-0.53066
0.7481,0.082453,-0.65844
-0.79655,0.1959,-0.57195
-0.60351,0.14743,-0.57166
-0.45416,0.15464,-0.51182
-0.28841,0.22449,-0.60228
-0.10721,0.2105,-0.66827
0.024189,0.18058,-0.5487
0.2032,0.18563,-0.64109
0.28886,0.13091,-0.48105
0.47799,0.16595,-0.50916
0.64303,0.2004,-0.53203
0.80211,0.22769,-0.55207
-0.74937,0.37091,-0.54852
-0.55914,0.3077,-0.57869
-0.4013,0.30981,-0.50541
-0.22699,0.36062,-0.55973
-0.067933,0.353,-0.616
0.074074,0.30645,-0.65757
0.20555,0.36752,-0.56347
0.34919,0.26966,-0.56473
0.51929,0.31881,-0.6034
0.6774,0.36613,-0.63803
-0.62291,0.44195,-0.6455
-0.44764,0.47319,-0.55509
-0.30575,0.49122,-0.63712
-0.11031,0.48385,-0.52394
0.083622,0.4665,-0.54273
0.32407,0.44378,-0.4896
0.3097,0.58971,-0.55431
0.47091,0.48532,-0.54204
0.64418,0.52406,-0.55713
-0.55742,0.59276,-0.5813
-0.4008,0.62755,-0.66749
-0.35315,0.61583,-0.49133
-0.21029,0.612,-0.56138
-0.029416,0.62955,-0.59019
0.13067,0.63636,-0.55205
0.35318,0.74063,-0.5716
0.50135,0.64289,-0.57909
-0.29326,0.75563,-0.58569
-0.12555,0.74992,-0.64951
0.063038,0.72446,-0.68643
0.18636,0.80209,-0.56738
-0.31659,-0.80538,-0.50113
-0.14487,-0.88439,-0.4437
0.026062,-0.92905,-0.36904
0.17935,-0.87958,-0.44065
0.31565,-0.87534,-0.36625
-0.58424,-0.69712,-0.41555
-0.44935,-0.80235,-0.39284
-0.22101,-0.71492,-0.38815
-0.070392,-0.71804,-0.46452
0.06497,-0.76392,-0.36901
0.21559,-0.70326,-0.45223
0.36263,-0.69673,-0.35867
0.5225,-0.7306,-0.43957
-0.69549,-0.57248,-0.43423
-0.5131,-0.53884,-0.41024
-0.38278,-0.65149,-0.42391
-0.27538,-0.52081,-0.42573
-0.097255,-0.56903,-0.41273
0.067544,-0.595,-0.3709
0.22517,-0.52722,-0.41959
0.35679,-0.53115,-0.33404
0.50686,-0.55458,-0.39498
0.66423,-0.64937,-0.37029
-0.81262,-0.40688,-0.41724
-0.64067,-0.4236,-0.3986
-0.40378,-0.41443,-0.41401
-0.26265,-0.28678,-0.40879
-0.18078,-0.40677,-0.38209
-0.016444,-0.40802,-0.38719
0.13754,-0.41482,-0.35166
0.36939,-0.41098,-0.43915
0.59846,-0.41115,-0.43667
0.72533,-0.51577,-0.45594
0.79952,-0.37895,-0.46602
-0.81596,-0.26755,-0.51247
-0.65172,-0.27958,-0.5147
-0.55443,-0.29726,-0.37735
-0.409,-0.25408,-0.33432
-0.1975,-0.15314,-0.411
-0.087702,-0.27318,-0.49086
0.0705,-0.23847,-0.36965
0.086679,-0.31394,-0.49572
0.25401,-0.29541,-0.41401
0.45761,-0.28844,-0.45252
0.74722,-0.22064,-0.37481
0.88543,-0.2275,-0.40528
-0.88932,-0.12296,-0.44044
-0.7259,-0.12578,-0.45994
-0.53292,-0.17445,-0.4645
-0.36677,-0.12812,-0.44355
-0.25554,-0.028031,-0.51581
-0.053647,-0.099591,-0.40057
0.097897,-0.060367,-0.4
0.19914,-0.16482,-0.50661
0.35394,-0.13972,-0.4319
0.66383,-0.11413,-0.48114
0.78296,-0.026546,-0.3758
0.85728,-0.098648,-0.50532
-0.88543,0.14483,-0.44163
-0.74984,0.041798,-0.37283
-0.56314,0.078101,-0.37221
-0.37802,0.034386,-0.38587
-0.19338,0.01887,-0.36357
-0.043812,0.084835,-0.39441
0.11325,0.097885,-0.41083
0.25436,-0.0094461,-0.45635
0.43302,0.012941,-0.49397
0.60525,0.046475,-0.42894
0.74243,0.13931,-0.37636
0.87301,0.084682,-0.4803
-0.8531,0.3059,-0.42267
-0.69804,0.19323,-0.46049
-0.55122,0.25113,-0.4078
-0.41958,0.20084,-0.34555
-0.27795,0.15184,-0.46091
-0.12609,0.24363,-0.48896
0.027725,0.26224,-0.37618
0.16261,0.23923,-0.4934
0.40477,0.17081,-0.35559
0.5724,0.21405,-0.36457
0.72607,0.29318,-0.37536
0.88558,0.26028,-0.38472
-0.80615,0.46095,-0.37101
-0.68407,0.34827,-0.39545
-0.56986,0.42544,-0.4729
-0.43835,0.40356,-0.37174
-0.27816,0.30085,-0.3874
-0.12886,0.38971,-0.38157
0.020198,0.3602,-0.47758
0.17508,0.38,-0.38203
0.31385,0.29233,-0.40555
0.46947,0.33909,-0.43259
0.61728,0.37737,-0.47205
0.77451,0.38284,-0.50356
-0.69619,0.52897,-0.48529
-0.4961,0.57913,-0.4077
-0.36677,0.57267,-0.32931
-0.29434,0.46183,-0.45989
-0.18432,0.5582,-0.38732
0.0033183,0.55694,-0.43473
0.19522,0.52879,-0.42413
0.35661,0.45377,-0.33785
0.52623,0.51871,-0.40301
0.72945,0.54129,-0.41822
-0.62171,0.66483,-0.41411
-0.46202,0.72192,-0.51515
-0.24854,0.71376,-0.39839
-0.099549,0.70572,-0.47042
0.058677,0.74044,-0.42718
0.23852,0.70469,-0.42619
0.39443,0.61844,-0.42559
0.46261,0.77173,-0.43637
0.59827,0.66542,-0.44642
-0.35062,0.83224,-0.42947
-0.21302,0.91044,-0.35458
-0.1676,0.84902,-0.50107
0.0097561,0.82926,-0.55878
0.14668,0.89279,-0.42593
0.31286,0.84849,-0.42683
-0.54242,-0.80163,-0.25135
-0.28849,-0.88861,-0.35658
-0.21428,-0.95053,-0.22491
-0.037641,-0.97377,-0.2244
0.16103,-0.95242,-0.25878
0.33607,-0.91744,-0.21298
-0.68659,-0.67803,-0.26244
-0.50982,-0.64671,-0.27397
-0.35188,-0.72816,-0.2715
-0.10544,-0.84099,-0.30706
0.039048,-0.82345,-0.19865
0.20032,-0.79216,-0.27176
0.34909,-0.75786,-0.19756
0.46906,-0.82741,-0.30884
0.61363,-0.75159,-0.24201
-0.78537,-0.53297,-0.31485
-0.62259,-0.52099,-0.2541
-0.37922,-0.54812,-0.27698
-0.21297,-0.57238,-0.27794
-0.068023,-0.68488,-0.28047
0.067296,-0.66374,-0.19777
0.21156,-0.6502,-0.29441
0.33215,-0.58635,-0.19394
0.50179,-0.65195,-0.272
0.63768,-0.50962,-0.26988
0.73756,-0.64533,-0.19889
-0.88103,-0.40169,-0.24984
-0.69787,-0.36956,-0.2499
-0.49915,-0.41393,-0.26138
-0.31696,-0.39808,-0.26629
-0.14292,-0.40714,-0.23263
-0.018338,-0.50999,-0.25417
0.03726,-0.3591,-0.20822
0.1692,-0.5108,-0.22844
0.30228,-0.40497,-0.26083
0.48821,-0.39241,-0.29853
0.68758,-0.36324,-0.32151
0.79619,-0.51683,-0.3146
-0.90244,-0.26167,-0.34226
-0.73299,-0.25614,-0.34385
-0.57274,-0.25405,-0.22303
-0.41426,-0.25451,-0.18387
-0.24223,-0.23504,-0.23878
-0.086461,-0.2627,-0.31606
0.1218,-0.23651,-0.086147
0.19207,-0.28036,-0.25022
0.37665,-0.25751,-0.30169
0.56805,-0.24276,-0.3294
0.66225,-0.22573,-0.19736
0.87615,-0.37722,-0.30011
0.93939,-0.2447,-0.24013
-0.95893,-0.1193,-0.25732
-0.79884,-0.10023,-0.28219
-0.62622,-0.10678,-0.353
-0.48583,-0.098064,-0.29523
-0.31601,-0.10008,-0.29144
-0.1307,-0.10642,-0.2441
0.0494,-0.1623,-0.22725
0.21717,-0.13486,-0.32276
0.37834,-0.11064,-0.2491
0.50705,-0.11709,-0.38039
0.65822,-0.075887,-0.30107
0.81108,-0.14197,-0.24255
0.93827,-0.066096,-0.33954
-0.9347,0.015009,-0.35511
-0.81585,0.069891,-0.22068
-0.63189,0.015341,-0.23733
-0.43514,0.04525,-0.22274
-0.25986,0.00084186,-0.18565
-0.10076,0.066779,-0.21504
0.032836,-0.014258,-0.2616
0.18037,0.036212,-0.25553
0.3221,0.02374,-0.3261
0.49472,0.037055,-0.32924
0.63865,0.071706,-0.23972
0.80965,0.035008,-0.22619
0.93561,0.10815,-0.33607
-0.94093,0.18156,-0.2858
-0.78937,0.21881,-0.31246
-0.66907,0.19094,-0.27212
-0.52842,0.17474,-0.21786
-0.27519,0.14433,-0.27719
-0.13651,0.20347,-0.33572
0.03559,0.16697,-0.2493
0.20694,0.19106,-0.3231
0.33251,0.1618,-0.20804
0.50539,0.17221,-0.18843
0.63509,0.24872,-0.22169
0.79466,0.20552,-0.22857
0.9563,0.21672,-0.19629
-0.9024,0.34908,-0.25262
-0.72843,0.3762,-0.23411
-0.55606,0.33705,-0.26514
-0.38813,0.29805,-0.23238
-0.21663,0.31743,-0.21509
-0.054818,0.33038,-0.23552
0.11399,0.32246,-0.23206
0.28037,0.32799,-0.23994
0.45079,0.31873,-0.26386
0.61071,0.40722,-0.31066
0.82804,0.43355,-0.35551
0.90161,0.36612,-0.23034
-0.73943,0.59893,-0.30746
-0.6092,0.49103,-0.31711
-0.44192,0.46788,-0.20909
-0.28028,0.44314,-0.28032
-0.11857,0.49203,-0.2222
0.031636,0.4611,-0.32103
0.18971,0.48592,-0.2304
0.2996,0.58309,-0.28638
0.47787,0.50584,-0.23498
0.64904,0.58172,-0.296
0.80425,0.54664,-0.23316
-0.64881,0.72365,-0.23533
-0.53511,0.6243,-0.24054
-0.38885,0.72035,-0.28188
-0.23801,0.61843,-0.23073
-0.065408,0.63701,-0.30931
0.11755,0.62905,-0.32213
0.18286,0.67485,-0.18063
0.33186,0.74259,-0.27924
0.4711,0.65742,-0.28258
0.59146,0.74728,-0.30289
-0.51143,0.77794,-0.36503
-0.37715,0.88975,-0.25709
-0.21953,0.78687,-0.25386
-0.0893,0.79943,-0.32398
0.029997,0.78148,-0.24264
0.17545,0.80323,-0.28756
0.27572,0.92178,-0.2726
0.44379,0.85055,-0.28217
-0.23411,0.95443,-0.18507
-0.074251,0.9674,-0.24212
-0.022147,0.9142,-0.40465
0.094573,0.95972,-0.26458
-0.11298,-0.99144,-0.065474
0.071913,-0.99196,-0.10414
-0.47187,-0.87777,-0.082877
-0.39241,-0.89087,-0.22885
-0.12635,-0.85364,-0.10378
0.035777,-0.87423,-0.040724
0.23514,-0.96856,-0.081245
0.39109,-0.91848,-0.058693
0.50743,-0.85073,-0.13697
-0.75217,-0.65283,-0.089742
-0.62515,-0.77317,-0.10674
-0.4582,-0.71344,-0.12235
-0.30613,-0.81664,-0.10757
-0.20073,-0.75178,-0.20962
0.078232,-0.71996,-0.024783
0.19938,-0.83617,-0.10044
0.35728,-0.77138,-0.030116
0.48393,-0.69049,-0.11952
0.64491,-0.76156,-0.06418
-0.81672,-0.55165,-0.16926
-0.61341,-0.59149,-0.11644
-0.45988,-0.54377,-0.13059
-0.30348,-0.64031,-0.12776
-0.11509,-0.58761,-0.14251
0.065947,-0.52715,-0.095983
0.21089,-0.6698,-0.11054
0.36526,-0.59877,-0.04309
0.47269,-0.51772,-0.19921
0.61688,-0.5951,-0.11825
0.84201,-0.5174,-0.15274
-0.91005,-0.40708,-0.078056
-0.7401,-0.44401,-0.11591
-0.57891,-0.40537,-0.10233
-0.40876,-0.39425,-0.098736
-0.27352,-0.48792,-0.12637
-0.097483,-0.43451,-0.081863
0.015716,-0.35649,-0.016764
0.24457,-0.49932,-0.054365
0.38125,-0.41012,-0.12435
0.58075,-0.39415,-0.14998
0.75942,-0.37195,-0.17949
0.92286,-0.36843,-0.11218
-0.95337,-0.2533,-0.1641
-0.81145,-0.26176,-0.16189
-0.68603,-0.27492,-0.072796
-0.52396,-0.24236,-0.038515
-0.2392,-0.32007,-0.11435
-0.075376,-0.25217,-0.14268
-0.018324,-0.17931,-0.015509
0.17956,-0.38255,-0.11682
0.31662,-0.25509,-0.12605
0.4823,-0.25344,-0.16563
0.64919,-0.28438,-0.05059
0.81556,-0.21878,-0.10897
0.97783,-0.2021,-0.054801
-0.99266,-0.099103,-0.069272
-0.85356,-0.096187,-0.11152
-0.67935,-0.15293,-0.19224
-0.52501,-0.10363,-0.12714
-0.3613,-0.11493,-0.13175
-0.19927,-0.14082,-0.075571
-0.052437,-0.052565,-0.10588
0.11215,-0.054316,-0.084685
0.22691,-0.12399,-0.16433
0.3934,-0.097412,-0.080038
0.54242,-0.097752,-0.19652
0.69428,-0.064593,-0.11138
0.84823,-0.045268,-0.080267
0.97945,-0.10115,-0.17449
-0.98267,0.035441,-0.18197
-0.85393,0.095161,-0.056249
-0.73488,-0.014249,-0.10582
-0.56909,0.039295,-0.083422
-0.40254,0.029372,-0.052733
-0.20308,0.054688,-0.059622
-0.043085,0.1016,-0.022514
0.08045,0.089973,-0.11896
0.27175,0.023429,-0.13164
0.44568,0.032813,-0.18566
0.68749,0.1172,-0.090617
0.83876,0.12663,-0.074627
0.99159,0.12333,-0.039118
0.98189,0.047046,-0.18352
-0.97,0.20595,-0.12916
-0.81325,0.24486,-0.14555
-0.67907,0.14691,-0.099107
-0.47699,0.1884,-0.083066
-0.31555,0.16752,-0.13593
-0.12915,0.19277,-0.15448
0.018072,0.26178,-0.085141
0.18604,0.20049,-0.13694
0.37071,0.27472,-0.09776
0.53687,0.21648,-0.048591
0.70341,0.27946,-0.069511
0.84737,0.30536,-0.07844
0.9616,0.27432,-0.0089112
-0.92411,0.3738,-0.079347
-0.75396,0.39996,-0.051073
-0.64429,0.29357,-0.11145
-0.49203,0.33026,-0.090914
-0.32726,0.32418,-0.081875
-0.1317,0.37703,-0.07257
0.037893,0.43959,-0.13228
0.19636,0.36344,-0.077516
0.34944,0.44147,-0.14506
0.53946,0.36742,-0.13891
0.73622,0.38572,-0.2066
0.87586,0.47307,-0.095326
-0.84498,0.49983,-0.1902
-0.69519,0.53963,-0.16341
-0.58693,0.46092,-0.13114
-0.38226,0.60565,-0.14315
-0.26948,0.47714,-0.11392
-0.10415,0.53723,-0.052097
0.035034,0.58719,-0.17599
0.18865,0.5335,-0.066953
0.34021,0.61285,-0.13176
0.47703,0.52813,-0.059248
0.64474,0.50323,-0.14471
0.77967,0.62304,-0.062742
-0.74283,0.65946,-0.1154
-0.55892,0.60861,-0.068849
-0.45984,0.73017,-0.09593
-0.24484,0.65268,-0.052478
-0.11318,0.6848,-0.15553
0.0392,0.712,-0.072407
0.19402,0.69129,-0.011641
0.41816,0.73819,-0.11689
0.55451,0.64353,-0.13878
0.70124,0.68856,-0.18479
-0.52507,0.82468,-0.21024
-0.44313,0.89318,-0.076642
-0.29257,0.78535,-0.1318
-0.090321,0.84068,-0.12678
0.10928,0.84748,-0.10814
0.26677,0.80534,-0.11419
0.39283,0.91019,-0.13133
0.55787,0.81587,-0.15214
-0.30086,0.95279,-0.04097
-0.12656,0.99065,-0.050882
0.029408,0.99471,-0.098393
0.21355,0.9692,-0.12263
-0.19456,-0.97752,0.081244
-0.013569,-0.99726,0.072733
-0.55392,-0.83098,0.051461
-0.38321,-0.92094,0.070833
-0.29229,-0.95377,-0.069902
-0.062318,-0.82009,0.079445
0.11997,-0.85618,0.10231
0.16474,-0.98456,0.059099
0.33468,-0.93865,0.083202
0.51588,-0.855,0.053215
-0.70556,-0.70703,0.047888
-0.53949,-0.66087,0.018505
-0.38202,-0.74979,0.028726
-0.22369,-0.83482,0.063238
-0.062317,-0.71268,-0.081246
0.071857,-0.69924,0.14665
0.2332,-0.76881,0.064754
0.38244,-0.78282,0.1376
0.50865,-0.68581,0.039172
0.66249,-0.74228,0.10061
-0.84188,-0.53928,0.020394
-0.68395,-0.52387,0.029946
-0.52122,-0.5033,0.032248
-0.3624,-0.57435,0.018925
-0.20404,-0.70734,-0.010152
-0.18906,-0.56076,0.0093589
-0.0065798,-0.57931,0.022413
0.18279,-0.59879,0.04782
0.35132,-0.62481,0.10917
0.50983,-0.51391,-0.034814
0.63869,-0.58244,0.073216
0.7703,-0.63726,-0.023284
-0.92246,-0.37236,0.10203
-0.77726,-0.36697,0.035919
-0.61432,-0.36418,0.07262
-0.42772,-0.39221,0.053499
-0.26304,-0.41174,0.038742
-0.081711,-0.45873,0.094649
0.11363,-0.43596,0.058602
0.26397,-0.33566,0.018492
0.37818,-0.45112,0.05427
0.57559,-0.40386,0.060238
0.70373,-0.47131,-0.051717
0.87212,-0.48888,0.020075
-0.96736,-0.2534,0.0008836
-0.83105,-0.20682,0.031722
-0.65923,-0.21226,0.10311
-0.33421,-0.24799,-0.020071
-0.20911,-0.16412,0.10585
-0.14399,-0.29213,0.030327
0.11624,-0.26133,0.086807
0.23687,-0.15489,0.021228
0.38679,-0.21888,0.041472
0.46945,-0.32136,-0.0085283
0.64065,-0.26573,0.12159
0.78912,-0.32932,0.012924
0.94504,-0.32115,0.061358
-0.99035,-0.098927,0.097046
-0.84458,-0.036615,0.063402
-0.68357,-0.11253,-0.014394
-0.55184,-0.063218,0.049457
-0.40825,-0.12466,0.040619
-0.28194,-0.030644,0.03802
-0.099698,-0.047906,0.060707
0.081956,-0.073955,0.074496
0.25664,-0.0091224,0.036703
0.4392,-0.054946,0.06001
0.55677,-0.16236,-0.029198
0.72957,-0.13838,0.036587
0.86611,-0.16622,0.056336
0.98229,-0.135,0.12989
-0.99825,0.05894,-0.0056172
-0.8513,0.12938,0.11143
-0.70016,0.068638,0.055759
-0.52172,0.12213,0.05968
-0.41419,0.030014,0.13692
-0.17877,0.12387,0.093878
-0.021094,0.047159,0.15624
0.11108,0.091209,0.042399
0.26626,0.15781,-0.017482
0.40696,0.093077,-0.036534
0.56057,0.023139,-0.059123
0.71426,0.045697,0.066393
0.86483,0.015409,0.071129
0.99959,-0.028443,0.0024611
-0.97191,0.23321,0.031608
-0.79372,0.25065,0.023695
-0.62018,0.24594,0.042358
-0.441,0.2873,0.071512
-0.33118,0.16647,0.033289
-0.17456,0.24389,-0.020374
-0.040358,0.23985,0.085662
0.1267,0.25825,0.042756
0.43095,0.21716,0.078257
0.63327,0.21766,0.065987
0.76062,0.34353,0.10113
0.81753,0.19461,0.072488
0.98273,0.13766,0.12364
-0.91091,0.4044,0.08183
-0.74201,0.37762,0.12148
-0.58221,0.41258,0.040429
-0.42817,0.47133,-0.029425
-0.2855,0.36182,0.051792
-0.11491,0.40199,0.099105
0.026362,0.40619,0.020866
0.17511,0.43073,0.092378
0.29002,0.30835,0.060351
0.4409,0.37177,0.014797
0.59747,0.39536,0.017384
0.74435,0.4482,-0.027536
0.90842,0.41324,0.063314
-0.84183,0.53924,-0.023482
-0.68073,0.53946,0.027445
-0.53053,0.56766,0.1077
-0.39789,0.61928,0.03749
-0.25925,0.51848,0.054504
-0.10567,0.5549,0.12375
0.049239,0.5635,0.015446
0.19064,0.57238,0.13064
0.31854,0.4851,0.023154
0.48507,0.51726,0.10437
0.63704,0.57667,0.013879
0.82823,0.5535,0.087578
-0.72632,0.68582,0.045926
-0.56836,0.70903,0.07496
-0.35969,0.77898,0.028823
-0.23518,0.67807,0.11717
-0.093389,0.69909,0.023864
0.048428,0.69657,0.10965
0.34362,0.6356,0.040161
0.50485,0.6897,0.02659
0.6537,0.75638,-0.023771
0.72287,0.68123,0.11566
-0.61475,0.78625,-0.06243
-0.51366,0.85423,0.080234
-0.19426,0.83119,0.0069513
-0.099984,0.82645,0.15012
0.0016462,0.85821,0.029275
0.17089,0.84209,0.071693
0.3442,0.7918,0.041216
0.49864,0.86681,0.0023504
-0.36381,0.92479,0.11138
-0.19809,0.97339,0.11521
-0.027557,0.9955,0.090675
0.14355,0.98904,0.03463
0.32005,0.94721,0.019273
-0.4708,-0.85814,0.20479
-0.28565,-0.93123,0.22631
-0.10933,-0.96816,0.22519
0.063783,-0.97319,0.22099
0.23565,-0.94586,0.22319
0.39119,-0.8863,0.24789
0.54322,-0.80767,0.2293
-0.68977,-0.6488,0.32136
-0.63137,-0.753,0.18538
-0.46678,-0.6973,0.1639
-0.31735,-0.79035,0.20043
-0.14799,-0.7985,0.22662
0.022298,-0.81887,0.24536
0.21331,-0.79139,0.24753
0.37162,-0.71026,0.27903
0.51738,-0.66174,0.21348
0.68862,-0.68254,0.24481
-0.76863,-0.61502,0.17595
-0.60143,-0.58237,0.17076
-0.4144,-0.54336,0.17161
-0.27467,-0.66228,0.15405
-0.10574,-0.64848,0.1345
0.067919,-0.53203,0.18403
0.22569,-0.63766,0.21299
0.37918,-0.52592,0.26136
0.49233,-0.52797,0.146
0.64932,-0.5167,0.23653
0.79447,-0.58989,0.1444
-0.85791,-0.47993,0.18344
-0.69966,-0.44437,0.19791
-0.52589,-0.41929,0.21255
-0.35289,-0.38237,0.21514
-0.24253,-0.50786,0.17155
-0.11643,-0.49416,0.26242
-0.0060564,-0.35807,0.1889
0.25335,-0.46557,0.15181
0.41474,-0.35971,0.17777
0.55486,-0.38763,0.23042
0.72799,-0.42657,0.12759
0.88836,-0.41934,0.18701
-0.95311,-0.23348,0.19255
-0.77271,-0.30167,0.19551
-0.60581,-0.27191,0.24759
-0.48243,-0.25521,0.12063
-0.31872,-0.25892,0.13287
-0.17168,-0.33665,0.19271
-0.032519,-0.20396,0.14868
0.14993,-0.35907,0.22806
0.28369,-0.27048,0.17175
0.49783,-0.20756,0.15328
0.66512,-0.12934,0.22227
0.79574,-0.25706,0.18173
0.94015,-0.25757,0.2231
-0.96487,-0.054104,0.25708
-0.82626,-0.14485,0.20325
-0.69625,-0.078706,0.1752
-0.51126,-0.11176,0.20092
-0.26791,-0.22189,0.28579
-0.1484,-0.089064,0.23278
0.018992,-0.078093,0.2496
0.15751,-0.15928,0.20584
0.32922,-0.10533,0.17882
0.48787,-0.047418,0.23897
0.60418,-0.067499,0.10221
0.80906,-0.076739,0.20085
0.93847,-0.13477,0.31797
-0.98436,0.080644,0.15665
-0.8024,0.051524,0.23493
-0.59856,0.043689,0.19106
-0.34153,-0.0923,0.21521
-0.22176,0.035972,0.1857
-0.11345,0.037735,0.33142
0.054258,0.071822,0.32505
0.17961,0.016061,0.20585
0.36868,0.066545,0.14213
0.54306,0.084905,0.10334
0.65197,0.043118,0.25799
0.81997,0.093098,0.22253
0.97645,0.0043565,0.21569
-0.94323,0.27236,0.19012
-0.81009,0.25285,0.21771
-0.68391,0.19148,0.18631
-0.50281,0.19063,0.21165
-0.34985,0.1555,0.19398
-0.08123,0.1709,0.229
0.091296,0.17434,0.19307
0.2518,0.15682,0.14577
0.37445,0.24608,0.22729
0.50418,0.15725,0.24165
0.67215,0.19158,0.19985
0.80185,0.27392,0.24643
0.93789,0.16962,0.30264
-0.86587,0.42785,0.25927
-0.7032,0.35476,0.30065
-0.57292,0.33529,0.18902
-0.41351,0.4426,0.12963
-0.22465,0.27488,0.15904
-0.097406,0.32804,0.25755
0.047103,0.35632,0.18923
0.20081,0.31067,0.21785
0.35402,0.4081,0.18223
0.53832,0.32758,0.16412
0.86202,0.44984,0.2336
0.93906,0.294,0.17812
-0.82189,0.55092,0.14489
-0.66655,0.50174,0.19943
-0.50696,0.46976,0.24861
-0.36427,0.58241,0.21511
-0.24933,0.4529,0.21365
-0.1145,0.47849,0.29904
0.029542,0.51219,0.19012
0.19254,0.46984,0.27334
0.34844,0.57716,0.20279
0.50829,0.46418,0.24837
0.67803,0.47522,0.15254
0.76441,0.58936,0.2614
-0.70858,0.67476,0.20644
-0.5382,0.63189,0.25926
-0.41964,0.72558,0.17933
-0.20812,0.63161,0.26332
-0.065777,0.67466,0.22549
0.082139,0.63774,0.28045
0.20661,0.71468,0.16566
0.44796,0.7005,0.18246
0.58959,0.61327,0.18167
0.64184,0.70983,0.29013
-0.57973,0.78237,0.22763
-0.42277,0.86743,0.26237
-0.26652,0.80326,0.18457
-0.14862,0.7969,0.30716
0.054209,0.82513,0.22228
0.31103,0.77586,0.20861
0.43066,0.88829,0.1596
0.58725,0.79694,0.14155
-0.25491,0.92688,0.27551
-0.082438,0.96191,0.26063
0.091662,0.97438,0.20538
0.26101,0.94743,0.18509
-0.38626,-0.85075,0.3564
-0.20329,-0.90204,0.38078
-0.039771,-0.92588,0.37571
0.13596,-0.92003,0.36751
0.29788,-0.86932,0.39439
0.45063,-0.79903,0.3981
-0.55406,-0.7636,0.33156
-0.38378,-0.68283,0.31534
-0.2414,-0.76392,0.37218
-0.071229,-0.75763,0.38405
0.11066,-0.78135,0.39252
0.26003,-0.68146,0.40019
0.41764,-0.63648,0.4122
0.58778,-0.71082,0.38632
-0.79073,-0.50667,0.34356
-0.5067,-0.58901,0.31067
-0.33002,-0.52211,0.3232
-0.19934,-0.63344,0.31377
-0.039629,-0.64473,0.26972
0.09493,-0.65266,0.33743
0.20347,-0.51835,0.31743
0.32543,-0.50066,0.4238
0.53388,-0.54962,0.34007
0.71573,-0.58697,0.37842
-0.88668,-0.35274,0.29894
-0.66208,-0.36766,0.35541
-0.61553,-0.50558,0.34934
-0.45807,-0.39679,0.36003
-0.24239,-0.3766,0.34986
-0.075875,-0.37219,0.37638
0.038347,-0.47184,0.32992
0.12329,-0.37091,0.40594
0.29508,-0.37292,0.31962
0.45491,-0.38438,0.37063
0.61805,-0.41968,0.4078
0.8173,-0.49578,0.29364
-0.90808,-0.18857,0.37393
-0.74011,-0.22874,0.35407
-0.54257,-0.24233,0.43299
-0.44367,-0.24845,0.28463
-0.33884,-0.25538,0.42876
-0.1028,-0.23022,0.30693
0.056561,-0.24534,0.3183
0.23902,-0.22895,0.34804
0.40941,-0.22076,0.29783
0.5852,-0.25493,0.30342
0.72266,-0.35382,0.29039
0.87599,-0.31993,0.36095
-0.92125,0.0047328,0.38894
-0.7808,-0.070148,0.34723
-0.60153,-0.11625,0.32136
-0.41151,-0.11026,0.37159
-0.23539,-0.098399,0.38321
-0.058417,-0.10118,0.40836
0.1088,-0.10214,0.39258
0.27617,-0.075244,0.31919
0.41175,-0.09762,0.39931
0.60425,-0.096155,0.36635
0.76238,-0.1957,0.34919
0.87292,-0.14758,0.465
-0.94096,0.14417,0.30629
-0.86941,0.13411,0.47555
-0.64871,0.047263,0.32831
-0.46776,0.038485,0.30632
-0.29351,0.044568,0.33166
-0.17123,0.040055,0.48891
0.0062322,0.032042,0.49006
0.18673,0.036434,0.39832
0.352,0.064363,0.29136
0.5105,0.050736,0.38026
0.68085,0.058908,0.45946
0.77764,-0.024707,0.35873
0.92289,0.026437,0.38417
-0.87787,0.29673,0.3759
-0.75769,0.18087,0.36748
-0.59289,0.19757,0.34138
-0.39753,0.19361,0.36826
-0.22585,0.19396,0.30489
-0.074085,0.181,0.39972
0.099095,0.1756,0.47149
0.226,0.17328,0.32336
0.41252,0.20997,0.39919
0.5972,0.20327,0.36624
0.756,0.16908,0.37291
0.86421,0.16789,0.47429
-0.78995,0.4279,0.43919
-0.65926,0.32844,0.45599
-0.51452,0.33456,0.3478
-0.37669,0.31947,0.23824
-0.25263,0.34884,0.34946
-0.11695,0.32913,0.42792
0.052705,0.25862,0.32757
0.17198,0.3409,0.40358
0.31413,0.33748,0.34826
0.49727,0.33921,0.33846
0.67674,0.35673,0.26849
0.8716,0.32132,0.37024
-0.76645,0.5525,0.32756
-0.60671,0.49149,0.37026
-0.39351,0.46213,0.34699
-0.26847,0.54958,0.37776
-0.076481,0.59315,0.38852
0.032995,0.4335,0.35674
0.24348,0.61931,0.32035
0.37369,0.49115,0.34717
0.53689,0.47135,0.45204
0.63893,0.50038,0.32948
0.79268,0.4671,0.39175
-0.64072,0.66914,0.37647
-0.45435,0.60523,0.39418
-0.3319,0.72016,0.33724
-0.17294,0.71346,0.43696
0.09687,0.56866,0.41689
0.18247,0.78239,0.32941
0.36351,0.70363,0.35972
0.49626,0.61228,0.33073
0.66597,0.60907,0.43073
-0.4984,0.77711,0.38432
-0.31224,0.85195,0.42034
-0.14742,0.8906,0.43023
-0.0007105,0.76044,0.38365
0.18107,0.9216,0.34331
0.35168,0.87587,0.33043
0.49998,0.8107,0.30461
0.01816,0.9231,0.38413
-0.13996,-0.82949,0.5407
0.021649,-0.85906,0.51142
0.19765,-0.82667,0.52683
-0.47279,-0.74584,0.46925
-0.31159,-0.79905,0.51422
-0.16871,-0.67313,0.51113
-0.00028584,-0.68714,0.51276
0.16602,-0.66673,0.53031
0.35097,-0.76103,0.54557
0.49784,-0.67456,0.54509
-0.60911,-0.63732,0.47203
-0.45863,-0.56319,0.45747
-0.31798,-0.6311,0.47211
-0.18418,-0.51278,0.43865
-0.04453,-0.56734,0.42973
0.13383,-0.53572,0.47556
0.30996,-0.58165,0.55954
0.48396,-0.50502,0.49937
0.63871,-0.57601,0.51016
-0.70805,-0.49086,0.50765
-0.5517,-0.42319,0.48818
-0.44738,-0.47326,0.61636
-0.3425,-0.44074,0.48263
-0.19437,-0.39184,0.54229
-0.023884,-0.42782,0.52315
0.10668,-0.38516,0.58902
0.24785,-0.40651,0.51294
0.52629,-0.35212,0.55502
0.77577,-0.44021,0.4521
-0.81968,-0.35996,0.4456
-0.68296,-0.31242,0.52562
-0.41154,-0.31663,0.53452
-0.26922,-0.24358,0.60271
-0.17076,-0.24131,0.46367
0.00056489,-0.24978,0.48233
0.16383,-0.23868,0.49544
0.35366,-0.28976,0.47401
0.51885,-0.22994,0.44399
0.67001,-0.27598,0.47192
0.80024,-0.28968,0.52508
-0.82226,-0.21238,0.528
-0.68386,-0.13752,0.49142
-0.54108,-0.053227,0.45509
-0.41814,-0.14523,0.5469
-0.25295,-0.089353,0.53934
-0.082042,-0.11396,0.57035
0.092688,-0.097968,0.56649
0.26745,-0.10864,0.49283
0.40886,-0.18212,0.56864
0.53955,-0.060886,0.51186
0.69914,-0.11078,0.50795
0.76834,-0.15215,0.6217
-0.8544,-0.053184,0.51689
-0.7162,0.030055,0.46606
-0.52637,0.10087,0.46708
-0.44171,0.0091707,0.59565
-0.35995,0.032509,0.46596
-0.14508,0.030608,0.66616
0.0083695,0.04466,0.66466
0.17596,0.046723,0.55461
0.33917,0.063583,0.45616
0.50875,0.13598,0.51844
0.61912,0.026732,0.61365
0.84291,0.0054661,0.53803
-0.79677,0.27245,0.53938
-0.65742,0.17093,0.52673
-0.50326,0.26437,0.49501
-0.38764,0.19232,0.56089
-0.24673,0.18936,0.4657
-0.079309,0.17439,0.55335
0.078313,0.1916,0.63596
0.2534,0.20862,0.48616
0.3775,0.2263,0.57477
0.53932,0.32582,0.5131
0.65049,0.20101,0.54403
0.77279,0.16064,0.61399
-0.68702,0.40312,0.60457
-0.54922,0.2936,0.61964
-0.36547,0.34828,0.45664
-0.26174,0.33909,0.56174
-0.11183,0.34204,0.60362
0.032101,0.31181,0.49896
0.20814,0.33662,0.58137
0.37329,0.37465,0.49668
0.6005,0.46616,0.64968
0.67826,0.33726,0.4193
0.78791,0.32038,0.52588
-0.67726,0.53843,0.50141
-0.52498,0.44481,0.50036
-0.39858,0.51342,0.5251
-0.20864,0.4716,0.47887
-0.046839,0.47792,0.51228
0.11038,0.46246,0.53855
0.24373,0.48179,0.44922
0.40986,0.56953,0.48561
0.55029,0.60867,0.57157
0.69841,0.47553,0.53487
-0.5488,0.64947,0.52631
-0.40333,0.7552,0.51672
-0.30291,0.63991,0.51184
-0.15256,0.61166,0.57402
-0.0094522,0.66341,0.53459
0.14206,0.71178,0.46301
0.27214,0.6401,0.49743
0.53301,0.72166,0.4417
-0.22827,0.78215,0.57978
-0.055621,0.83329,0.55004
0.11843,0.85318,0.508
0.28623,0.83213,0.47501
0.40947,0.74073,0.53259
-0.26001,-0.70941,0.65509
-0.089225,-0.72304,0.68502
0.06674,-0.76583,0.63957
0.23655,-0.70388,0.66977
-0.55945,-0.55537,0.61528
-0.42728,-0.67092,0.60606
-0.27665,-0.54124,0.60849
-0.11954,-0.55618,0.61639
0.027691,-0.57448,0.62065
0.1708,-0.5198,0.66014
0.39905,-0.61921,0.67627
0.54244,-0.52512,0.65575
-0.63096,-0.40682,0.66059
-0.38552,-0.56772,0.72737
-0.32528,-0.38533,0.67876
-0.16557,-0.43514,0.73034
-0.0017019,-0.44002,0.71584
0.27284,-0.40867,0.69969
0.38823,-0.43699,0.60019
0.55433,-0.38248,0.73921
0.68027,-0.43053,0.59318
-0.70483,-0.24052,0.66735
-0.52419,-0.30355,0.6197
-0.40877,-0.23399,0.71345
-0.16901,-0.14673,0.70815
-0.10279,-0.2968,0.63158
0.043058,-0.25107,0.64974
0.24688,-0.25942,0.62369
0.41923,-0.3011,0.68268
0.57378,-0.20005,0.6188
0.67977,-0.29095,0.67325
-0.75502,-0.077142,0.65115
-0.57025,-0.16059,0.60943
-0.4796,-0.070753,0.72493
-0.31334,-0.082122,0.68628
-0.013671,-0.1002,0.72823
0.14741,-0.15442,0.71464
0.27506,-0.082376,0.64819
0.37905,-0.16353,0.74673
0.49741,-0.073419,0.69369
0.65355,-0.12214,0.74697
-0.78236,0.095807,0.61541
-0.6162,0.0028765,0.60496
-0.38528,0.070133,0.76622
-0.28936,0.077917,0.62987
-0.072048,0.054684,0.83907
0.15029,0.022227,0.71356
0.30798,0.09252,0.63836
0.41202,-0.0040817,0.57178
0.49467,0.11641,0.68276
0.74244,0.010866,0.66982
-0.68818,0.24032,0.68459
-0.52367,0.13257,0.66204
-0.38449,0.23648,0.72172
-0.21882,0.20517,0.64364
-0.066058,0.20492,0.71673
0.076725,0.30845,0.79741
0.20531,0.2016,0.67064
0.37277,0.20459,0.7544
0.51119,0.28717,0.6522
0.65029,0.17736,0.7387
-0.55749,0.3808,0.7377
-0.41013,0.37505,0.63876
-0.2407,0.34222,0.74749
-0.066636,0.39673,0.7701
0.043218,0.35846,0.65356
0.16218,0.45729,0.72218
0.33475,0.35866,0.68567
0.44969,0.46843,0.61975
0.67403,0.32647,0.66264
-0.55538,0.52238,0.64705
-0.41777,0.51583,0.74792
-0.29508,0.49672,0.63997
-0.16175,0.48357,0.67031
-0.00346,0.5361,0.67086
0.14034,0.60002,0.60352
0.28451,0.50625,0.61294
0.49158,0.41484,0.76568
-0.4155,0.64432,0.64203
-0.26317,0.65018,0.71275
-0.091399,0.71692,0.69114
0.079285,0.75856,0.64676
0.24518,0.74035,0.62591
0.3913,0.63399,0.66704
-0.21304,-0.59108,0.77797
-0.058021,-0.59567,0.80113
0.090149,-0.65199,0.75285
0.2614,-0.57079,0.77837
-0.48451,-0.41365,0.77081
-0.31534,-0.45488,0.83285
-0.069416,-0.45364,0.88848
0.10227,-0.51537,0.85084
0.24842,-0.42007,0.87283
0.41054,-0.47424,0.77882
-0.56552,-0.26038,0.78255
-0.38795,-0.29722,0.87245
-0.23374,-0.27449,0.7782
-0.058288,-0.2909,0.79671
0.12504,-0.35153,0.76347
0.25835,-0.25641,0.79104
0.39859,-0.3253,0.8575
0.54011,-0.2304,0.80944
-0.63126,-0.097301,0.76945
-0.47496,-0.13751,0.8692
-0.31808,-0.12993,0.83748
-0.1096,-0.12925,0.85575
0.075733,-0.20237,0.84427
0.23603,-0.081834,0.83327
0.37027,-0.16268,0.91457
0.49804,-0.073388,0.86404
-0.66671,0.076388,0.74139
-0.53701,0.047112,0.84226
-0.225,0.0075567,0.81223
-0.11134,0.095658,0.98917
0.070161,-0.026834,0.85652
0.23424,0.10595,0.82429
0.37103,0.016117,0.76855
0.60985,0.030488,0.79193
-0.55224,0.22236,0.80348
-0.41313,0.1879,0.89107
-0.23383,0.1655,0.80195
-0.092088,0.2399,0.84416
0.078469,0.1498,0.8236
0.22117,0.28961,0.78433
0.34857,0.19434,0.91691
0.48963,0.10762,0.86526
-0.41785,0.36488,0.83202
-0.28185,0.31554,0.90609
-0.13498,0.42668,0.89427
0.040289,0.50933,0.85963
0.19801,0.44513,0.8733
0.35459,0.35346,0.86564
0.51451,0.26146,0.81665
-0.2738,0.49381,0.82534
-0.11717,0.58405,0.80322
0.060484,0.64112,0.76505
0.22236,0.61294,0.75819
0.3486,0.50984,0.78647
-0.20658,-0.36918,0.90611
-0.073636,-0.27123,0.95969
0.07604,-0.35788,0.93067
0.22359,-0.25531,0.94065
-0.23967,-0.20369,0.94925
-0.079118,-0.084643,0.99327
0.063945,-0.16853,0.98362
0.20442,-0.079121,0.97568
-0.38829,0.0039959,0.92153
-0.23215,-0.035185,0.97204
0.048,0.023574,0.99857
0.19357,0.097271,0.97625
0.35169,0.015819,0.93598
-0.26947,0.13538,0.95345
-0.1348,0.2609,0.95591
0.035173,0.19516,0.98014
0.19272,0.27015,0.94333
0.030536,0.35826,0.93312
