363,355,440,439
431,496,503,439
431,503,440,439
431,440,355,439
448,363,440,439
430,496,431,439
371,363,448,439
371,456,448,457
401,392,466,457
401,466,475,457
380,369,379,294
380,379,369,446
584,564,507,563
290,215,205,289
571,584,564,585
571,564,584,563
542,488,483,410
346,430,424,496
346,431,430,496
467,401,392,466
204,205,215,289
187,177,270,186
278,187,270,186
280,357,270,358
280,270,188,358
280,187,188,270
280,188,187,196
280,196,205,291
280,196,187,205
348,425,347,340
348,270,357,358
348,347,357,270
115,116,107,48
178,188,187,270
178,187,177,270
178,177,187,186
531,477,469,468
195,205,204,289
195,187,278,186
341,420,349,340
341,427,349,420
341,421,427,420
94,98,95,41
492,425,497,498
383,448,466,457
383,466,392,457
520,475,466,457
520,466,448,457
520,456,475,457
520,448,456,457
520,456,465,475
495,424,491,423
495,424,430,496
181,107,116,48
181,115,116,107
343,341,427,349
343,341,421,427
265,182,116,191
25,31,5,3
25,63,64,72
25,31,81,5
25,81,80,72
25,81,31,80
387,461,470,469
387,470,396,469
402,467,401,392
318,402,401,392
144,80,81,72
309,310,298,299
309,402,318,392
73,81,82,32
73,81,25,72
73,25,81,32
73,144,81,72
73,81,144,82
73,25,64,72
55,12,17,64
55,54,17,12
55,17,63,64
55,17,54,63
480,486,540,544
480,486,544,487
338,246,333,337
338,333,246,247
326,338,334,247
326,333,338,247
161,246,168,167
161,249,246,167
462,470,387,461
556,564,584,585
556,507,584,564
422,421,343,339
422,343,421,427
300,301,290,215
528,536,465,527
528,465,518,527
400,401,318,410
529,520,465,475
529,465,528,536
354,431,346,355
354,430,346,431
354,431,355,439
354,430,431,439
354,355,363,439
364,277,383,373
364,448,363,440
364,448,383,363
364,383,277,363
364,363,355,440
364,363,277,355
537,542,483,410
279,357,278,270
279,280,357,270
279,278,187,270
279,187,280,270
279,280,375,357
279,280,187,205
279,187,195,205
279,278,195,187
279,290,375,291
279,375,280,291
279,205,195,289
279,195,278,289
279,290,205,289
279,205,290,291
279,280,205,291
523,514,561,513
261,270,348,358
261,188,178,270
261,253,178,262
261,178,177,270
261,178,253,177
426,349,427,420
426,349,420,340
426,348,349,340
426,420,425,340
426,425,348,340
426,492,493,498
426,425,492,498
426,420,492,425
433,347,348,425
433,348,347,357
433,497,425,498
433,425,426,498
433,348,426,425
433,426,434,498
433,426,348,434
433,434,348,358
433,348,357,358
59,51,52,106
37,81,31,5
38,82,81,32
38,39,82,32
38,81,5,32
38,81,37,5
34,39,82,90
34,91,39,90
99,98,95,167
99,95,161,167
99,161,168,167
130,131,204,205
250,171,253,262
385,215,290,289
385,300,290,215
403,469,477,468
404,396,387,313
404,387,396,469
404,322,396,313
404,477,403,469
312,302,225,313
312,225,302,301
312,387,302,313
312,403,404,320
312,404,387,313
312,387,404,469
312,404,403,469
312,469,403,468
312,403,394,468
321,312,225,313
321,322,404,313
321,404,312,313
321,312,404,320
9,52,59,51
207,196,280,291
314,387,396,313
153,229,161,238
160,95,98,167
160,94,98,95
160,161,95,167
160,153,94,95
160,161,153,95
160,153,161,238
160,237,153,238
6,10,52,53
6,10,9,52
152,160,153,94
152,153,160,237
546,493,492,498
502,503,496,439
502,503,553,496
502,496,430,439
502,495,430,496
548,424,495,496
548,491,495,424
548,502,553,496
548,495,502,496
455,379,380,446
455,454,379,446
455,446,456,518
455,454,446,518
455,456,465,518
455,518,465,527
455,454,518,527
455,307,380,390
287,298,383,373
287,383,277,373
372,448,371,363
372,383,448,363
372,371,448,457
372,448,383,457
372,383,287,298
449,448,364,440
449,383,448,466
449,383,364,448
447,456,446,518
447,456,371,446
447,448,371,456
447,520,448,456
447,371,448,439
353,424,495,423
353,430,495,424
353,345,424,423
353,346,430,424
353,345,346,424
273,360,359,351
273,360,369,359
255,250,349,262
255,341,343,349
255,250,341,349
263,255,349,262
263,255,343,349
263,343,255,264
263,343,264,351
263,264,273,351
180,115,181,107
180,189,181,115
180,189,263,181
370,369,360,446
370,380,369,446
499,493,546,498
499,507,506,555
444,506,499,507
444,499,506,498
554,561,514,513
515,514,554,561
515,506,554,514
515,524,523,561
515,523,514,561
7,54,53,48
7,53,6,48
62,53,54,48
62,54,116,48
62,17,54,53
62,54,17,63
62,124,115,116
62,115,53,48
62,116,115,48
535,587,571,572
535,587,581,534
535,473,536,527
535,571,528,572
535,526,473,527
535,534,473,526
535,536,528,527
535,528,571,527
535,571,526,527
578,587,535,572
578,535,587,581
578,535,528,572
578,528,535,536
303,302,387,313
303,387,314,313
393,467,402,392
393,298,383,392
393,383,298,373
393,402,309,392
393,309,402,310
393,309,298,392
393,298,309,310
393,298,310,299
393,373,298,299
213,309,298,299
213,214,223,299
213,223,310,299
213,310,309,299
213,223,309,310
213,298,287,299
133,125,62,63
389,380,379,294
389,455,380,390
389,380,455,379
389,378,304,294
389,379,378,294
117,116,182,191
117,182,118,191
117,62,54,116
117,62,125,63
117,55,54,63
117,54,62,63
288,277,287,194
288,287,277,373
288,298,373,299
288,287,298,299
288,298,287,373
288,214,213,299
288,213,287,299
288,287,213,214
552,553,510,560
552,510,559,560
509,502,447,510
509,447,446,518
509,510,447,518
539,534,540,580
539,480,540,534
539,471,534,580
539,538,471,580
412,403,404,477
412,404,403,320
327,400,318,410
325,229,316,238
325,324,333,238
415,486,480,487
416,338,333,337
416,333,324,337
245,324,333,337
245,333,246,337
245,246,249,337
245,333,324,238
245,333,161,246
245,161,249,246
245,249,336,337
245,161,333,238
245,160,161,238
245,237,160,238
245,249,161,167
245,160,249,167
245,161,160,167
245,235,237,331
245,160,237,235
239,168,246,247
239,168,161,246
239,333,326,247
239,246,333,247
239,161,333,246
239,325,326,333
239,333,161,238
239,161,229,238
239,325,333,238
239,229,325,238
155,163,156,91
248,168,239,247
472,471,462,526
472,462,471,470
472,471,539,470
472,473,534,526
472,534,471,526
472,539,471,534
472,473,480,534
472,480,539,534
575,471,538,580
575,576,471,580
575,471,576,524
569,575,576,524
569,515,524,563
569,524,515,561
533,471,534,526
533,534,535,526
533,587,535,534
533,576,471,524
533,535,571,526
533,535,587,571
533,569,524,563
533,569,576,524
489,427,421,420
489,426,427,420
489,426,493,427
489,546,493,492
489,492,426,420
489,493,426,492
451,459,450,522
451,513,523,522
451,450,513,522
451,514,523,513
451,450,514,513
140,290,301,215
140,301,290,291
140,302,301,291
140,302,225,301
140,205,290,215
140,290,205,291
140,204,205,215
140,204,131,205
206,140,131,205
206,205,196,291
206,196,207,291
206,140,205,291
577,534,471,580
577,471,576,580
577,540,534,580
577,587,533,534
577,533,587,576
577,533,471,534
577,533,576,471
577,540,581,534
577,581,587,534
586,572,571,585
586,528,571,572
474,529,465,475
474,465,529,536
474,542,537,410
474,401,400,410
474,537,401,410
474,401,537,475
362,430,354,439
362,354,363,439
362,363,371,439
362,372,371,363
362,372,285,371
362,285,372,286
530,537,401,475
530,475,401,466
530,401,467,466
377,462,387,461
532,470,461,469
532,470,462,461
532,471,462,470
532,531,575,538
532,575,471,538
532,471,575,524
532,531,477,469
532,477,531,538
532,471,539,538
532,539,471,470
254,349,348,340
254,348,261,340
254,261,348,349
254,261,349,262
254,253,261,262
254,341,349,340
254,341,250,349
254,349,250,262
254,250,253,262
260,347,348,270
260,348,261,270
260,261,177,270
260,348,347,340
260,261,348,340
260,254,261,340
260,261,253,177
260,261,254,253
366,433,357,358
366,357,280,358
366,375,280,357
366,434,433,358
88,31,81,80
88,37,81,31
88,94,152,80
30,5,31,3
30,37,31,5
30,37,88,31
26,65,73,64
42,39,91,90
42,95,98,41
42,99,98,95
40,88,37,41
40,94,88,41
442,375,366,357
442,366,433,357
442,451,450,514
121,187,195,186
121,195,187,205
121,204,195,205
121,130,204,205
342,343,421,339
342,343,341,421
342,255,250,341
342,343,255,341
342,172,255,251
342,250,255,172
224,140,225,301
224,301,300,215
224,140,301,215
432,433,497,425
432,347,433,425
432,433,347,357
432,442,433,357
356,278,279,357
356,432,347,357
365,385,290,289
365,385,375,290
365,290,279,289
365,375,279,290
365,279,278,289
365,279,356,278
365,279,375,357
365,375,356,357
365,356,279,357
395,385,459,394
395,394,312,301
395,300,394,301
395,300,385,394
395,394,459,468
395,290,300,301
395,385,300,290
395,375,385,290
395,290,301,291
15,9,10,52
141,132,206,68
141,206,131,68
141,131,76,68
281,188,280,196
281,280,207,196
281,280,188,358
281,366,280,358
388,387,470,396
388,314,387,396
388,387,462,470
388,462,472,470
388,462,377,378
388,377,462,387
388,314,303,387
388,377,303,378
388,303,377,387
388,378,303,304
388,303,314,304
388,314,305,304
388,389,378,304
388,305,389,304
234,235,236,158
234,236,149,158
234,225,321,233
234,322,321,313
234,321,225,313
217,206,141,132
217,207,303,302
217,207,302,291
217,206,207,291
217,225,140,302
217,302,140,291
217,140,206,291
323,237,236,235
323,235,234,322
323,236,234,235
323,331,235,322
323,237,235,331
323,322,234,313
323,396,322,313
323,314,396,313
89,81,144,80
89,152,94,80
89,94,153,95
89,88,81,80
89,94,88,80
89,88,94,41
89,94,95,41
89,42,95,90
89,144,82,90
89,144,81,82
89,38,37,41
89,37,88,41
89,37,38,81
89,88,37,81
89,95,42,41
89,42,38,41
89,81,38,82
89,82,39,90
89,39,42,90
89,38,39,82
89,38,42,39
47,180,115,106
47,115,180,107
47,6,52,53
47,115,107,48
47,53,115,48
43,47,107,48
43,7,6,48
43,6,53,48
43,53,47,48
43,6,47,53
179,250,255,262
179,255,250,172
179,255,263,262
179,181,263,264
179,263,255,264
179,180,181,107
179,171,250,262
179,250,171,172
179,263,180,262
179,180,263,181
179,180,171,262
256,255,343,264
256,339,342,251
256,342,255,251
256,343,342,339
256,255,342,343
258,252,345,257
259,354,346,355
259,268,354,355
332,416,324,337
332,324,245,337
332,245,336,337
332,245,324,331
332,336,245,331
243,234,235,322
243,235,331,322
243,235,336,331
151,152,88,94
151,88,40,94
218,303,217,207
218,314,303,304
228,153,152,237
228,153,237,238
228,316,229,238
228,220,229,316
228,229,153,238
228,153,229,220
547,546,499,493
547,489,546,493
438,502,430,439
438,430,362,439
438,362,371,439
438,371,447,439
438,447,502,439
438,362,430,361
438,447,509,502
438,285,362,361
438,362,285,371
438,447,371,446
438,509,447,446
438,370,285,361
438,285,370,371
438,360,509,446
438,360,370,361
438,371,370,446
438,370,360,446
391,465,455,456
391,307,455,390
391,475,456,457
391,465,456,475
391,401,475,457
391,401,474,475
391,474,465,475
391,400,474,401
381,371,372,457
381,456,371,457
381,285,372,371
381,391,456,457
381,370,285,371
381,371,456,446
381,391,455,456
381,455,307,380
381,455,391,307
381,456,455,446
381,455,380,446
381,370,371,446
381,380,370,446
512,448,449,440
512,520,449,448
429,353,495,423
429,495,491,423
429,491,422,423
429,256,353,423
429,422,339,423
429,339,256,423
429,422,343,339
429,343,256,339
429,343,427,351
429,343,422,427
190,181,265,264
190,263,181,264
190,273,263,264
190,263,189,181
190,263,273,189
190,265,116,191
190,265,181,116
190,181,189,115
190,189,124,115
190,181,115,116
190,115,124,116
272,273,263,189
272,281,188,358
272,281,189,188
272,190,273,189
114,180,189,188
114,180,178,106
114,178,180,188
114,115,180,106
114,189,180,115
114,124,189,115
114,47,115,106
100,180,47,106
100,47,180,107
100,43,47,107
274,285,370,361
274,370,285,284
274,283,284,191
274,283,370,284
274,265,190,191
274,190,283,191
274,370,360,361
274,283,273,369
274,370,283,369
274,190,273,283
274,273,360,369
274,360,370,369
274,190,265,264
274,273,190,264
445,446,454,518
445,509,446,518
445,379,454,446
445,509,360,446
445,369,379,446
445,360,369,446
445,369,360,359
517,564,571,563
517,571,533,563
517,533,571,526
517,526,571,527
517,454,526,527
517,518,454,527
517,528,518,527
517,571,528,527
500,547,499,493
500,444,499,507
436,359,360,351
436,445,360,359
436,444,445,359
436,445,509,360
549,506,554,555
549,506,499,498
549,499,506,555
549,499,546,498
549,546,499,555
549,492,497,498
549,546,492,498
562,506,507,555
562,506,515,507
562,507,556,555
562,554,506,555
562,554,515,506
562,507,515,563
562,515,554,561
562,569,515,561
562,584,507,563
562,584,556,507
562,569,584,563
562,515,569,563
516,506,444,507
516,515,506,507
516,515,507,563
516,507,564,563
516,564,517,563
525,523,515,524
525,532,523,524
525,524,515,563
525,471,532,524
525,532,471,462
525,532,462,461
525,523,532,461
525,515,516,563
525,533,524,563
525,533,471,524
525,462,471,526
525,471,533,526
525,516,517,563
525,517,533,563
525,533,517,526
11,17,54,12
11,1,17,12
11,54,17,53
11,7,54,53
11,17,1,10
11,17,10,53
11,10,6,53
11,6,7,53
24,25,63,64
24,63,17,64
24,31,25,3
18,1,24,3
18,17,12,64
18,17,1,12
18,24,25,3
18,25,24,64
18,24,17,64
18,24,1,17
579,537,474,542
579,536,578,582
579,474,529,536
573,529,528,536
573,528,578,536
573,579,529,536
573,578,579,536
573,528,529,566
573,578,528,572
573,528,586,572
573,586,528,566
384,467,392,466
384,467,393,392
384,392,383,466
384,393,383,392
384,383,393,373
384,364,383,373
384,383,449,466
384,364,449,383
382,298,309,392
382,383,298,392
382,383,372,298
382,383,392,457
382,372,383,457
382,381,372,457
382,392,401,457
382,401,391,457
382,391,381,457
382,381,391,307
138,213,214,223
200,118,284,191
200,117,118,191
306,380,307,390
306,389,380,390
306,210,219,220
306,380,389,294
306,316,389,390
306,219,210,294
306,220,228,316
306,219,228,220
306,305,389,316
306,304,219,294
306,389,304,294
306,228,305,316
306,228,219,305
306,305,219,304
306,389,305,304
199,283,190,191
199,284,283,191
199,210,283,284
199,62,133,125
199,133,62,124
199,134,210,125
199,190,116,191
199,190,124,116
199,200,284,191
199,200,210,284
199,210,200,125
199,124,62,116
199,116,117,191
199,117,200,191
199,200,117,125
199,62,117,116
199,117,62,125
232,309,223,310
79,88,152,80
79,88,151,152
79,31,88,80
61,62,133,124
61,62,115,53
61,59,52,106
61,114,59,106
61,114,47,115
61,62,124,115
61,124,114,115
61,115,47,53
61,47,52,53
61,52,47,106
61,47,114,106
463,455,454,379
463,389,455,379
463,526,454,527
463,454,455,527
463,473,526,527
463,473,472,526
463,455,389,390
463,472,462,526
463,472,388,462
463,378,389,379
463,388,389,378
203,287,288,214
203,287,193,194
203,288,287,194
558,559,552,510
558,552,557,510
478,396,470,469
478,404,396,469
478,532,539,538
478,539,532,470
478,477,404,469
478,477,538,484
478,470,532,469
478,412,477,484
478,412,404,477
478,532,477,469
478,477,532,538
409,400,327,410
317,326,327,240
317,229,239,240
317,239,326,240
317,327,231,240
317,325,239,229
317,239,325,326
317,325,229,316
317,409,327,326
317,327,409,400
315,324,325,238
315,325,316,238
315,316,228,238
315,305,228,316
315,228,237,238
315,237,323,331
315,245,324,238
315,324,245,331
315,314,323,305
315,237,245,238
315,245,237,331
479,480,415,486
479,539,472,480
479,472,539,470
479,470,478,396
479,539,478,470
405,396,404,322
405,478,404,396
405,479,478,396
405,478,479,484
405,412,478,484
405,478,412,404
419,415,416,487
419,486,415,487
419,332,415,414
419,416,415,324
419,415,332,324
419,332,416,324
162,153,161,95
162,161,153,229
162,239,161,229
162,161,99,95
162,99,161,168
162,161,239,168
162,239,229,240
162,155,163,240
162,163,248,240
162,248,163,168
162,248,239,240
162,239,248,168
241,155,163,156
241,163,155,240
241,155,231,240
241,248,163,240
335,248,239,247
335,239,248,240
335,239,326,247
335,326,239,240
335,326,334,247
335,327,326,240
398,305,315,316
398,315,325,316
398,389,305,316
398,389,388,305
398,472,463,473
398,389,316,390
398,463,389,390
398,463,388,389
398,388,463,472
568,523,524,561
568,524,569,561
568,575,569,524
568,523,532,524
568,532,575,524
568,523,513,522
568,523,561,513
568,531,523,522
568,532,523,531
568,575,532,531
570,587,533,576
570,533,569,576
570,533,587,571
570,584,569,563
570,569,533,563
570,584,571,585
570,571,584,563
570,533,571,563
570,571,572,585
570,571,587,572
139,204,140,215
139,131,140,204
139,140,224,215
139,131,130,76
139,130,131,204
519,586,559,566
519,528,586,566
519,529,528,566
519,528,465,518
519,528,529,465
519,447,510,518
519,559,510,560
519,529,520,465
519,456,447,518
519,520,447,456
519,465,456,518
519,465,520,456
275,265,257,361
275,362,285,361
275,285,362,286
275,274,265,361
275,285,274,361
275,265,274,191
275,182,265,191
275,285,286,284
275,274,285,284
275,274,284,191
275,118,182,191
275,284,118,191
267,275,362,286
267,259,268,354
276,362,354,363
276,363,354,355
276,354,268,355
276,267,268,354
276,362,267,354
276,277,363,355
276,268,277,355
276,268,267,194
276,267,362,286
276,277,268,194
276,372,362,363
276,362,372,286
276,287,277,194
276,372,287,286
276,277,383,363
276,287,383,277
276,193,287,194
276,287,193,286
276,267,193,194
276,193,267,286
276,383,372,363
276,287,372,383
173,257,109,265
173,265,181,264
173,181,179,264
173,109,252,174
173,252,109,257
173,169,174,172
173,179,169,172
173,179,255,264
173,256,252,257
173,257,265,264
173,256,257,264
173,172,174,251
173,255,256,264
173,174,252,251
173,252,256,251
173,255,172,251
173,255,179,172
173,256,255,251
476,467,530,401
476,530,537,401
476,402,467,401
476,537,483,410
476,401,537,410
476,318,402,401
476,318,401,410
521,529,519,566
521,519,529,520
521,520,529,475
269,347,260,270
269,278,270,186
269,278,357,270
269,278,356,357
269,357,347,270
269,356,347,357
269,270,177,186
269,260,177,270
443,433,366,434
443,442,366,433
443,444,516,506
443,433,434,498
443,434,444,498
443,444,506,498
2,30,31,3
2,31,24,3
2,23,24,31
33,73,82,32
33,26,73,32
33,82,39,32
33,34,39,82
27,20,75,65
27,26,20,65
27,73,26,65
27,33,26,73
4,73,25,64
4,26,73,64
4,25,18,64
4,25,73,32
4,73,26,32
4,25,5,3
4,18,25,3
4,5,81,32
4,81,25,32
4,25,81,5
19,12,55,64
19,18,12,64
19,65,26,64
19,20,26,65
19,55,65,64
19,55,20,65
19,26,4,64
19,4,18,64
97,98,94,41
97,94,40,41
97,160,94,98
97,151,40,94
36,88,30,37
36,40,88,37
36,40,151,88
74,34,33,82
74,33,34,84
74,33,73,82
74,73,144,82
74,27,33,84
74,33,27,73
74,73,27,65
154,144,145,220
154,229,153,220
154,144,89,90
154,162,153,229
154,89,95,90
154,89,153,95
154,162,155,90
154,95,162,90
154,153,162,95
137,138,84,147
137,223,138,147
137,213,138,223
221,229,220,316
221,317,229,316
221,220,306,316
221,317,316,390
221,316,306,390
221,306,307,390
505,443,442,514
505,554,506,514
505,554,549,506
505,506,443,514
505,442,443,433
505,432,433,497
505,432,442,433
505,549,497,498
505,506,549,498
505,443,506,498
505,497,433,498
505,433,443,498
14,9,59,51
14,59,9,52
14,9,15,52
112,187,121,186
112,177,178,186
112,105,178,177
112,178,187,186
122,130,121,205
122,187,196,205
122,121,187,205
122,196,206,205
122,130,131,68
122,131,206,68
122,131,130,205
122,206,131,205
44,54,7,48
311,394,300,301
311,300,224,301
311,312,394,301
311,312,321,320
311,312,403,394
311,403,312,320
311,320,321,233
311,225,312,301
311,321,312,225
311,321,225,233
311,225,224,233
311,224,225,301
504,432,505,497
504,505,432,442
504,505,549,497
504,549,505,554
504,442,450,514
504,505,442,514
504,514,450,513
504,554,514,513
504,554,505,514
374,365,385,375
374,450,451,459
374,395,385,459
374,385,395,375
374,451,442,375
374,442,451,450
374,451,395,459
374,395,451,375
386,377,387,461
386,451,395,375
386,312,387,302
386,312,302,301
386,395,312,301
386,387,303,302
386,377,303,387
386,375,290,291
386,290,395,291
386,375,395,290
386,301,302,291
386,395,301,291
292,207,281,280
292,281,366,280
292,207,280,291
292,280,375,291
292,366,375,280
292,375,386,291
292,386,377,303
292,302,207,291
292,303,207,302
292,386,302,291
292,386,303,302
293,304,378,294
293,303,378,304
293,218,303,304
293,303,218,207
293,292,303,207
293,281,292,207
293,303,377,378
293,292,377,303
367,434,366,358
367,366,281,358
367,272,434,358
367,281,272,358
367,292,281,366
367,272,359,434
367,443,366,434
367,293,292,377
367,292,293,281
367,293,377,378
397,388,470,396
397,388,472,470
397,470,479,396
397,472,479,470
397,388,398,472
397,398,388,305
397,315,398,305
397,388,314,305
397,314,388,396
397,314,315,305
397,323,314,396
397,323,315,314
150,217,141,132
150,141,217,149
150,218,217,132
150,149,236,158
150,236,151,158
150,152,151,236
150,79,151,152
226,234,236,149
226,236,150,149
226,150,217,149
226,234,149,225
226,149,217,225
226,150,218,217
226,234,225,313
226,323,234,313
226,234,323,236
226,225,302,313
226,225,217,302
226,314,323,313
226,302,303,313
226,303,314,313
226,303,218,314
226,217,303,302
226,217,218,303
216,217,141,149
216,217,149,225
216,140,217,225
216,140,139,131
216,206,140,131
216,206,217,140
216,141,206,131
216,141,217,206
216,224,140,225
216,224,139,140
143,89,144,80
143,152,89,80
143,89,154,144
143,154,89,153
143,144,154,220
143,154,153,220
143,152,153,94
143,153,89,94
143,89,152,94
143,80,144,72
143,134,80,72
143,153,228,220
143,152,228,153
143,228,219,220
143,228,152,219
101,179,171,172
101,169,179,172
101,43,100,107
101,179,169,107
101,100,180,107
101,180,100,171
101,180,179,107
101,179,180,171
175,109,252,257
175,252,258,257
175,252,109,174
175,109,103,174
344,339,256,251
344,256,252,251
344,256,339,423
344,345,353,423
344,353,256,423
344,345,252,257
344,252,256,257
344,353,345,257
344,256,353,257
157,149,225,233
157,225,234,233
157,149,234,225
157,234,149,158
157,149,92,158
85,92,157,149
77,28,141,76
77,85,141,28
77,141,216,131
77,216,139,131
77,216,141,149
77,141,85,149
77,85,216,149
77,141,131,76
77,131,139,76
166,249,160,167
166,160,98,167
166,160,97,98
166,245,160,249
148,77,85,216
148,216,85,149
148,85,157,149
148,224,225,233
148,224,216,225
148,139,216,224
148,77,216,139
148,149,157,233
148,225,149,233
148,216,149,225
330,336,332,331
330,243,336,331
330,243,331,322
242,321,234,322
242,234,243,322
242,321,320,233
242,234,321,233
242,157,234,233
86,85,92,35
86,150,151,158
86,92,149,158
86,92,85,149
86,149,150,158
86,150,79,151
86,85,141,149
86,141,150,149
86,28,85,35
86,141,85,28
86,150,141,132
86,79,150,132
227,237,152,236
227,228,152,237
227,323,237,236
227,152,150,236
227,152,228,219
227,323,226,314
227,226,323,236
227,323,314,305
227,315,323,305
227,323,315,237
227,228,315,305
227,315,228,237
227,150,226,236
227,226,150,218
227,226,218,314
227,219,228,305
227,305,314,304
227,314,218,304
227,219,305,304
227,218,219,304
494,500,547,551
494,495,548,491
490,422,421,427
490,421,489,427
490,489,547,493
490,489,493,427
437,502,495,430
437,438,502,430
437,438,430,361
437,438,509,502
437,430,353,361
437,495,353,430
437,360,438,361
437,509,438,360
437,436,509,360
437,429,353,495
437,436,360,351
295,285,370,284
295,381,370,285
295,370,381,380
295,381,307,380
295,370,283,284
295,283,210,284
295,370,380,369
295,283,370,369
295,307,306,380
295,210,283,294
295,369,380,294
295,283,369,294
295,380,306,294
295,306,210,294
511,447,520,448
511,520,512,448
511,447,448,439
511,440,512,503
511,448,512,440
511,512,560,503
511,447,519,520
511,440,503,439
511,448,440,439
511,503,502,439
511,502,447,439
511,519,510,560
511,519,447,510
511,560,553,503
511,553,502,503
511,447,502,510
511,510,553,560
511,502,553,510
352,429,256,353
352,257,256,264
352,353,256,257
352,353,257,361
352,429,437,351
352,437,429,353
352,264,343,351
352,256,343,264
352,343,429,351
352,256,429,343
352,257,265,361
352,265,257,264
352,437,353,361
352,265,274,361
352,274,265,264
352,274,360,361
352,273,264,351
352,273,274,264
352,437,360,351
352,360,437,361
352,360,273,351
352,274,273,360
271,272,263,189
271,261,348,358
271,348,261,349
271,349,261,262
271,263,349,262
271,272,188,358
271,272,189,188
271,188,270,358
271,270,261,358
271,188,261,270
271,180,263,262
271,263,180,189
271,189,180,188
271,261,178,262
271,178,261,188
271,178,180,262
271,180,178,188
198,272,281,189
198,124,190,189
198,190,272,189
198,190,199,283
198,199,190,124
198,273,190,283
198,272,190,273
435,500,499,493
435,500,444,499
435,493,499,498
435,499,444,498
435,436,500,493
435,500,436,444
435,444,434,498
435,444,436,359
435,434,426,498
435,426,493,498
435,444,359,434
435,359,436,351
435,493,426,427
550,500,547,499
550,500,499,507
550,547,500,551
550,556,507,555
550,507,499,555
550,499,546,555
550,499,547,546
508,517,516,564
508,507,557,564
508,516,507,564
508,516,444,507
508,516,445,444
508,445,516,454
508,516,517,454
508,509,445,518
508,445,454,518
508,454,517,518
508,500,557,507
508,444,500,507
508,557,510,518
508,510,509,518
508,557,509,510
508,436,509,557
508,436,445,509
508,500,436,557
508,445,436,444
508,436,500,444
452,515,523,514
452,515,525,523
452,523,525,461
452,516,525,515
452,506,515,514
452,443,506,514
452,516,515,506
452,443,516,506
452,462,377,461
452,525,462,461
452,516,443,444
453,462,525,526
453,525,517,526
453,525,516,517
453,452,525,462
453,525,452,516
453,454,463,526
453,463,462,526
453,517,454,526
453,517,516,454
453,463,454,379
453,454,445,379
453,516,445,454
453,377,462,378
453,377,452,462
453,378,463,379
453,462,388,378
453,388,463,378
453,463,388,462
16,24,1,3
16,2,24,3
16,15,23,22
16,23,2,22
16,24,2,23
135,145,144,220
135,144,143,220
135,219,210,220
135,134,210,219
135,200,210,125
135,210,134,125
135,143,219,220
135,143,134,219
135,143,144,72
135,134,143,72
135,125,134,72
211,210,200,284
211,295,210,284
211,221,145,220
211,145,135,220
211,135,200,210
211,221,306,307
211,306,295,307
211,306,221,220
211,295,306,210
211,210,306,220
211,135,210,220
209,210,134,219
209,210,219,294
209,199,134,210
209,133,134,125
209,199,133,125
209,134,199,125
209,219,304,294
209,304,293,294
209,293,198,294
209,283,210,294
209,198,283,294
209,219,218,304
209,218,293,304
209,199,210,283
209,198,199,283
209,133,199,124
209,199,198,124
71,125,63,72
71,134,125,72
71,80,134,72
71,125,133,63
71,134,133,125
71,25,80,72
71,63,25,72
71,24,25,63
71,25,31,80
71,25,24,31
71,133,62,63
71,24,23,31
71,31,79,80
71,23,79,31
70,79,71,23
119,118,127,56
119,110,118,56
583,557,552,551
583,558,552,557
583,558,557,564
583,500,557,551
583,550,500,551
583,550,556,507
583,557,507,564
583,507,556,564
583,564,556,585
583,558,564,585
583,557,500,507
583,500,550,507
565,564,558,585
565,558,586,585
565,571,564,585
565,586,571,585
565,586,528,571
565,586,519,528
565,557,558,564
565,528,519,518
565,586,558,559
565,519,586,559
565,571,517,564
565,517,528,518
565,528,517,571
565,557,508,518
565,508,557,564
565,510,557,518
565,558,557,510
565,519,510,518
565,559,558,510
565,519,559,510
565,508,517,518
565,517,508,564
417,488,409,334
417,545,409,488
399,317,409,400
399,317,400,390
399,325,409,326
399,317,325,326
399,409,317,326
399,398,316,390
399,398,325,316
399,316,317,390
399,325,317,316
464,465,474,536
464,536,473,527
464,465,536,527
464,399,400,390
464,455,465,527
464,391,474,465
464,474,391,400
464,398,399,390
464,399,398,473
464,473,463,527
464,463,455,527
464,455,391,465
464,455,463,390
464,400,391,390
464,391,455,390
464,463,398,390
464,398,463,473
543,479,478,484
543,478,479,539
543,480,479,486
543,539,479,480
543,539,540,580
543,540,480,486
543,539,480,540
543,478,538,484
543,478,539,538
543,538,539,580
96,155,162,90
96,162,155,163
96,91,155,90
96,163,155,91
96,162,95,90
96,162,99,95
96,162,163,168
96,99,162,168
96,42,91,90
96,95,42,90
96,99,42,95
319,241,232,231
319,402,309,310
319,309,232,310
319,231,232,309
319,318,309,402
319,231,309,318
418,335,326,334
418,335,327,326
418,326,409,334
418,327,409,326
418,409,488,334
418,483,488,410
418,488,409,410
418,409,327,410
328,248,241,240
328,335,248,240
328,327,335,240
328,231,327,240
328,241,231,240
328,241,319,231
328,418,335,327
328,327,231,318
328,231,319,318
185,267,268,194
185,193,267,194
185,203,193,194
185,203,120,193
176,267,259,268
176,185,267,268
183,109,175,257
183,175,258,257
183,109,257,265
183,257,275,265
183,176,258,104
183,175,109,104
183,258,175,104
183,109,265,182
183,265,275,182
183,109,110,104
183,110,109,182
108,173,265,181
108,173,109,265
108,265,109,182
108,265,182,116
108,181,265,116
108,103,109,174
108,109,173,174
108,181,116,48
108,107,181,48
108,179,173,181
108,173,179,169
108,169,103,174
108,173,169,174
108,179,181,107
108,169,179,107
458,530,467,466
458,467,384,466
458,384,449,466
458,475,530,466
458,521,530,475
458,449,512,520
458,512,521,520
458,448,520,466
458,449,448,466
458,449,520,448
458,520,475,466
458,520,521,475
574,579,474,529
574,474,579,537
574,573,579,529
574,529,474,475
574,474,537,475
574,537,530,475
574,521,529,475
574,530,521,475
574,573,529,566
574,529,521,566
567,521,512,520
567,519,521,520
567,512,511,520
567,511,519,520
567,511,512,560
567,519,511,560
567,521,519,566
567,559,519,560
567,519,559,566
13,55,19,12
13,20,19,55
13,65,55,56
13,20,65,56
13,20,55,65
159,151,97,94
159,97,160,94
159,97,166,160
159,166,97,165
159,152,151,94
159,151,152,236
159,151,236,158
159,152,237,236
159,160,152,94
159,152,160,237
159,236,237,235
159,237,160,235
159,236,235,158
159,235,165,158
93,97,151,40
93,165,92,158
93,36,151,35
93,151,36,40
93,159,97,165
93,97,159,151
93,159,165,158
93,151,159,158
93,92,86,158
93,86,151,158
93,86,92,35
93,151,86,35
29,2,23,22
29,28,86,35
87,151,79,88
87,36,151,88
87,88,79,31
87,86,79,151
87,30,88,31
87,30,36,88
87,151,36,35
87,86,151,35
87,29,36,30
87,79,23,31
87,36,29,35
87,29,86,35
87,2,30,31
87,2,29,30
87,23,2,31
87,29,2,23
136,144,73,72
136,74,73,144
136,135,144,72
136,73,74,65
136,145,74,144
136,135,145,144
136,135,211,145
136,211,135,200
136,137,74,145
83,74,137,145
83,91,34,90
83,155,91,90
83,154,155,90
83,154,145,155
83,156,34,91
83,155,156,91
83,34,156,147
83,74,34,84
83,137,74,84
83,34,82,90
83,34,74,82
83,144,154,90
83,145,154,144
83,84,34,147
83,137,84,147
83,82,144,90
83,74,144,82
83,74,145,144
128,138,75,84
128,137,138,84
128,74,137,84
128,75,138,129
128,75,27,84
128,27,74,84
128,27,75,65
128,74,27,65
128,136,137,74
128,127,136,65
128,136,74,65
230,145,154,155
230,154,145,220
230,145,221,220
230,231,155,240
230,162,154,229
230,154,162,155
230,229,154,220
230,221,229,220
230,317,231,240
230,162,229,240
230,155,162,240
230,229,317,240
230,221,317,229
67,21,76,68
67,14,21,68
67,76,131,68
67,131,130,68
67,130,131,76
67,130,122,68
67,59,14,68
67,122,59,68
170,253,178,177
170,178,105,177
170,100,180,171
170,253,171,262
170,171,180,262
170,178,253,262
170,180,178,262
170,105,178,106
170,178,180,106
170,100,105,106
170,180,100,106
113,121,112,187
113,122,121,187
113,59,114,106
113,122,187,196
113,51,59,106
113,114,178,106
113,112,178,187
113,187,188,196
113,188,114,196
113,105,51,106
113,105,112,51
113,187,178,188
113,178,114,188
113,178,105,106
113,112,105,178
102,7,43,48
102,44,7,48
102,43,107,48
102,107,108,48
102,169,108,107
102,101,169,107
102,43,101,107
102,103,108,169
102,108,44,48
102,44,108,103
8,11,54,12
8,11,7,54
8,7,44,54
8,54,55,12
8,55,13,12
441,504,442,450
441,504,432,442
441,442,374,450
441,442,432,357
441,432,356,357
441,375,442,357
441,356,375,357
441,356,365,375
441,374,442,375
441,365,374,375
460,451,386,461
460,461,387,469
460,386,387,461
460,395,386,451
460,451,523,522
460,523,451,461
460,387,312,469
460,386,312,387
460,386,395,312
460,531,468,522
460,531,469,468
460,523,531,522
460,532,461,469
460,531,532,469
460,468,459,522
460,459,451,522
460,469,312,468
460,395,459,468
460,395,451,459
460,532,523,461
460,523,532,531
460,312,394,468
460,394,395,468
460,312,395,394
376,386,451,461
376,377,386,461
376,452,377,461
376,292,386,377
376,451,523,461
376,523,452,461
376,451,386,375
376,386,292,375
376,523,451,514
376,452,523,514
376,292,366,375
376,367,292,377
376,292,367,366
376,443,452,514
376,443,442,366
376,367,443,366
376,442,451,375
376,366,442,375
376,451,442,514
376,442,443,514
406,479,415,414
406,405,479,414
406,479,405,396
406,397,479,396
406,415,332,414
406,332,415,324
406,324,315,331
406,323,397,396
406,332,324,331
406,330,405,414
406,315,323,331
406,315,397,323
406,331,323,322
406,323,396,322
406,396,405,322
406,332,330,414
406,330,332,331
406,330,331,322
406,405,330,322
244,336,245,249
244,245,166,249
244,336,235,331
244,235,245,331
244,245,336,331
244,160,245,235
244,166,245,160
244,336,243,235
244,165,159,235
244,166,159,165
244,159,160,235
244,159,166,160
164,165,244,235
164,244,243,235
164,92,165,158
164,157,92,158
164,165,235,158
164,243,234,235
164,243,242,234
164,242,157,234
164,235,234,158
164,234,157,158
413,405,330,414
413,412,405,484
428,500,436,493
428,547,500,493
428,494,500,547
428,490,547,493
428,490,494,547
428,490,493,427
428,494,490,491
428,429,437,495
428,493,435,427
428,436,435,493
428,429,427,351
428,429,422,427
428,422,490,427
428,437,429,351
428,436,437,351
428,429,495,491
428,495,494,491
428,422,429,491
428,490,422,491
428,427,435,351
428,435,436,351
350,271,263,349
350,271,272,263
350,272,271,358
350,343,263,351
350,263,343,349
350,263,273,351
350,263,272,273
350,434,272,358
350,271,348,358
350,348,271,349
350,427,343,351
350,343,427,349
350,359,272,434
350,273,359,351
350,273,272,359
350,348,434,358
350,427,426,349
350,359,435,351
350,435,359,434
350,426,435,434
350,348,426,434
350,426,348,349
350,435,427,351
350,435,426,427
197,124,198,189
197,198,281,189
197,114,124,189
197,209,198,124
197,189,281,188
197,114,189,188
197,198,293,281
197,198,209,293
197,188,281,196
197,114,188,196
197,133,209,124
197,281,207,196
197,281,293,207
197,61,133,124
197,114,61,124
282,367,293,281
282,293,198,281
282,272,367,281
282,198,272,281
282,367,272,359
282,293,367,378
282,198,293,294
282,272,273,359
282,272,198,273
282,293,378,294
282,369,283,294
282,283,198,294
282,273,369,359
282,379,369,294
282,378,379,294
282,273,283,369
282,273,198,283
282,369,445,359
282,445,369,379
368,452,443,444
368,376,367,443
368,452,376,443
368,359,444,434
368,444,443,434
368,445,444,359
368,367,359,434
368,443,367,434
368,516,452,444
368,453,452,516
368,452,453,377
368,367,376,377
368,376,452,377
368,282,445,359
368,367,282,359
368,445,516,444
368,453,516,445
368,367,377,378
368,377,453,378
368,453,445,379
368,445,282,379
368,282,367,378
368,378,453,379
368,282,378,379
296,211,200,284
296,286,285,284
296,372,285,286
296,285,295,284
296,295,211,284
296,381,382,307
296,382,381,372
296,211,295,307
296,372,381,285
296,381,295,285
296,295,381,307
142,134,209,133
142,218,209,219
142,209,134,219
142,227,218,219
142,79,70,132
142,218,150,132
142,150,79,132
142,152,227,219
142,71,134,133
142,70,71,133
142,71,70,79
142,79,150,152
142,143,152,219
142,134,143,219
142,150,227,152
142,227,150,218
142,134,71,80
142,71,79,80
142,79,152,80
142,152,143,80
142,143,134,80
60,71,62,63
60,24,71,63
60,133,61,62
60,71,133,62
60,62,17,63
60,17,24,63
60,17,62,53
60,62,61,53
60,70,61,133
60,71,70,133
60,71,24,23
60,70,71,23
60,10,17,53
60,61,52,53
60,52,10,53
60,1,17,10
60,1,24,17
60,15,10,52
60,16,1,10
60,16,24,1
60,16,15,23
60,24,16,23
60,15,16,10
69,61,59,52
69,60,61,52
69,60,70,61
69,15,60,52
69,59,14,52
69,14,15,52
69,60,15,23
69,70,60,23
69,14,59,68
69,23,15,22
69,15,14,22
69,21,14,68
69,14,21,22
408,409,325,326
408,326,325,333
408,409,326,334
408,417,409,334
408,409,399,325
408,338,326,333
408,326,338,334
408,338,417,334
408,416,338,333
408,416,417,338
408,325,324,333
408,324,416,333
408,415,416,324
408,416,415,487
408,417,416,487
407,399,398,325
407,408,399,325
407,398,315,325
407,398,397,315
407,397,398,472
407,408,325,324
407,415,408,324
407,398,399,473
407,325,315,324
407,479,397,472
407,415,479,480
407,479,472,480
407,480,472,473
407,472,398,473
407,406,415,324
407,315,406,324
407,397,406,315
407,406,479,415
407,406,397,479
541,536,535,473
541,545,544,582
541,578,536,582
541,578,535,536
541,544,581,582
541,581,578,582
541,535,578,581
541,473,535,534
541,535,581,534
541,480,473,534
541,540,581,544
541,480,540,544
541,581,540,534
541,540,480,534
482,399,409,400
482,464,399,400
482,474,464,400
482,474,400,410
482,400,409,410
482,399,464,473
482,542,474,410
482,464,474,536
482,464,536,473
482,536,541,473
482,488,542,410
482,409,488,410
482,545,542,488
482,409,545,488
482,542,545,582
482,545,541,582
482,474,579,536
482,579,474,542
482,541,536,582
482,536,579,582
482,579,542,582
485,479,543,484
485,543,479,486
485,405,479,484
485,413,405,484
485,479,405,414
485,405,413,414
485,415,479,414
485,419,415,414
485,479,415,486
485,415,419,486
411,327,328,318
411,418,328,327
411,327,318,410
411,483,418,410
411,418,327,410
411,328,319,318
411,476,483,410
411,318,476,410
411,476,318,402
411,318,319,402
184,185,120,193
266,183,258,257
266,258,345,257
266,258,259,345
266,176,259,258
266,183,176,258
266,345,353,257
266,176,267,259
266,176,183,267
266,257,353,361
266,353,345,346
266,345,259,346
266,275,257,361
266,275,183,257
266,267,183,275
266,353,430,361
266,353,346,430
266,362,275,361
266,267,275,362
266,267,362,354
266,259,267,354
266,346,354,430
266,259,354,346
266,430,362,361
266,354,362,430
66,119,120,129
66,75,20,65
66,127,119,129
66,128,75,65
66,127,128,65
66,75,128,129
66,128,127,129
78,21,29,22
78,29,23,22
78,69,21,22
78,23,69,22
78,21,69,68
78,28,29,21
78,69,70,68
78,70,69,23
78,76,21,68
78,28,21,76
78,70,132,68
78,29,87,23
78,141,76,68
78,141,28,76
78,132,141,68
78,86,29,28
78,70,79,132
78,79,70,23
78,87,79,23
78,87,29,86
78,86,141,132
78,141,86,28
78,79,86,132
78,87,86,79
126,136,73,72
126,73,136,65
126,73,64,72
126,73,65,64
126,64,63,72
126,63,125,72
126,125,135,72
126,135,136,72
126,55,63,64
126,65,55,64
126,117,125,63
126,200,135,125
126,136,135,200
126,117,200,125
126,136,127,65
126,136,200,127
126,55,117,63
126,55,65,56
126,117,55,56
126,65,127,56
126,127,200,118
126,200,117,118
126,127,118,56
126,118,117,56
212,137,136,145
212,136,211,145
212,211,136,200
212,296,211,200
212,136,128,127
212,128,136,137
212,200,136,127
146,83,145,155
146,83,137,145
146,145,230,155
146,137,83,147
146,155,230,231
146,83,156,147
146,83,155,156
146,156,232,147
146,232,223,147
146,223,137,147
146,241,155,231
146,232,241,231
146,232,231,309
146,155,241,156
146,241,232,156
146,213,137,223
146,309,213,223
146,232,309,223
202,138,137,213
202,128,137,138
202,128,138,129
202,137,212,213
202,128,212,137
202,138,214,129
202,138,213,214
202,214,203,129
202,213,287,214
202,127,128,129
202,212,128,127
202,203,120,129
202,120,203,193
202,287,203,214
202,193,203,287
202,119,127,129
202,120,119,129
202,119,120,193
308,230,317,231
308,230,221,317
308,309,231,318
308,309,318,392
308,382,309,392
308,231,327,318
308,317,327,231
308,318,401,392
308,401,382,392
308,327,400,318
308,327,317,400
308,400,317,390
308,317,221,390
308,391,382,401
308,382,391,307
308,221,307,390
308,318,400,401
308,400,391,401
308,307,391,390
308,391,400,390
58,113,112,51
58,112,113,121
58,113,122,121
58,67,122,59
58,121,122,130
58,122,67,130
58,14,59,51
58,14,67,59
58,59,113,51
58,122,113,59
46,51,105,106
46,105,100,106
46,47,43,6
46,100,43,47
46,52,51,106
46,52,9,51
46,100,47,106
46,6,9,52
46,47,6,52
46,47,52,106
49,8,44,54
49,55,8,54
49,55,117,56
49,117,55,54
49,118,110,56
49,110,118,182
49,54,44,48
49,117,118,56
49,118,117,182
49,182,117,116
49,117,54,116
49,116,54,48
49,44,108,48
49,109,110,182
49,108,109,182
49,108,116,48
49,108,182,116
49,108,103,109
49,108,44,103
329,404,412,320
329,404,321,322
329,321,404,320
329,321,242,322
329,242,321,320
329,405,404,322
329,405,412,404
329,405,413,412
329,243,330,322
329,242,243,322
329,330,405,322
329,330,413,405
501,428,494,500
501,494,548,551
501,500,494,551
501,548,494,495
501,494,428,495
501,557,500,551
501,436,428,500
501,552,557,551
501,548,552,551
501,509,436,557
501,436,500,557
501,502,548,495
501,428,437,495
501,437,436,509
501,437,428,436
501,557,552,510
501,509,557,510
501,502,509,510
501,437,502,495
501,437,509,502
501,552,553,510
501,552,548,553
501,553,502,510
501,548,502,553
123,69,61,59
123,69,70,61
123,61,114,59
123,61,197,114
123,61,70,133
123,197,61,133
123,69,59,68
123,70,69,68
123,114,197,196
123,113,114,196
123,114,113,59
123,59,122,68
123,122,113,196
123,113,122,59
123,122,206,68
123,206,122,196
123,206,132,68
123,132,70,68
208,142,209,133
208,209,142,218
208,209,197,133
208,218,142,132
208,293,209,218
208,197,209,293
208,142,70,132
208,70,142,133
208,197,123,133
208,293,218,207
208,197,293,207
208,70,123,132
208,123,70,133
208,217,218,132
208,218,217,207
208,123,206,132
208,197,207,196
208,123,197,196
208,206,217,132
208,217,206,207
208,207,206,196
208,206,123,196
481,407,408,399
481,480,407,473
481,407,399,473
481,415,407,480
481,408,407,415
481,399,482,473
481,399,408,409
481,482,399,409
481,415,480,487
481,408,415,487
481,541,480,473
481,482,541,473
481,541,482,545
481,482,409,545
481,480,544,487
481,544,545,487
481,545,417,487
481,417,408,487
481,480,541,544
481,541,545,544
481,409,417,545
481,408,417,409
192,120,119,193
192,184,120,193
192,184,119,120
192,119,184,110
192,119,110,118
192,267,185,193
192,185,184,193
192,118,110,182
192,110,183,182
192,176,185,267
192,176,184,185
192,183,110,104
192,110,184,104
192,183,176,267
192,183,267,275
192,275,118,182
192,183,275,182
192,176,183,104
192,184,176,104
192,267,193,286
192,275,267,286
50,49,110,56
50,49,8,44
50,13,55,56
50,13,8,55
50,55,49,56
50,8,49,55
111,119,184,120
111,184,110,104
111,184,119,110
111,110,119,56
111,50,110,56
297,287,213,298
297,382,372,298
297,382,296,372
297,202,213,287
297,202,212,213
297,372,287,298
297,287,372,286
297,372,296,286
297,193,287,286
297,193,202,287
201,296,200,284
201,296,212,200
201,200,118,284
201,286,296,284
201,200,127,118
201,200,212,127
201,297,296,286
201,297,212,296
201,275,286,284
201,118,275,284
201,212,202,127
201,297,202,212
201,275,192,286
201,192,275,118
201,127,119,118
201,202,119,127
201,193,297,286
201,202,297,193
201,192,193,286
201,119,202,193
201,119,192,118
201,192,119,193
222,231,308,309
222,230,308,231
222,146,231,309
222,146,230,231
222,308,382,309
222,230,146,145
222,308,230,221
222,221,230,145
222,382,308,307
222,308,221,307
222,213,146,309
222,211,221,145
222,221,211,307
222,212,211,145
222,137,212,145
222,146,137,145
222,296,382,307
222,211,296,307
222,213,309,298
222,297,213,298
222,309,382,298
222,382,297,298
222,297,212,213
222,212,137,213
222,137,146,213
222,212,296,211
222,296,297,382
222,212,297,296
45,110,109,104
45,111,110,104
45,111,50,110
45,49,44,103
45,50,49,110
45,49,50,44
45,109,175,104
45,103,175,109
45,49,103,109
45,110,49,109
57,20,13,56
57,13,50,56
57,50,111,56
57,111,119,56
57,65,20,56
57,66,20,65
57,119,127,56
57,119,66,127
57,66,119,120
57,119,111,120
57,127,65,56
57,127,66,65
