231,17,238;238,17,242;242,231,238;242,17,231
17,24,238;238,24,242;242,17,238;242,24,17
17,44,51;51,44,242;242,17,51;242,44,17
24,17,51;51,17,242;242,24,51;242,17,24
204,178,185;185,178,243;243,204,185;243,178,204
211,204,185;185,204,243;243,211,185;243,204,211
81,48,68;68,48,75;75,81,68;75,48,81
81,54,68;68,54,48;48,81,68;48,54,81
74,54,68;68,54,81;81,74,68;81,54,74
48,54,68;68,54,41;41,48,68;41,54,48
74,47,68;68,47,54;54,74,68;54,47,74
54,47,68;68,47,41;41,54,68;41,47,54
48,54,14;14,54,21;21,48,14;21,54,48
54,48,14;14,48,41;41,54,14;41,48,54
54,27,14;14,27,21;21,54,14;21,27,54
47,27,14;14,27,54;54,47,14;54,27,47
47,54,14;14,54,41;41,47,14;41,54,47
47,20,14;14,20,27;27,47,14;27,20,47
157,158,151;151,158,186;186,157,151;186,158,157
178,186,151;151,186,179;179,178,151;179,186,178
186,158,151;151,158,179;179,186,151;179,158,186
158,152,151;151,152,179;179,158,151;179,152,158
185,157,151;151,157,186;186,185,151;186,157,185
178,185,151;151,185,186;186,178,151;186,185,178
130,157,151;151,157,243;243,130,151;243,157,130
123,130,151;151,130,243;243,123,151;243,130,123
157,185,151;151,185,243;243,157,151;243,185,157
185,178,151;151,178,243;243,185,151;243,178,185
27,54,19;19,54,53;53,27,19;53,54,27
53,54,19;19,54,46;46,53,19;46,54,53
26,27,19;19,27,53;53,26,19;53,27,26
27,47,19;19,47,54;54,27,19;54,47,27
54,47,19;19,47,46;46,54,19;46,47,54
20,47,19;19,47,27;27,20,19;27,47,20
156,129,122;122,129,242;242,156,122;242,129,156
150,156,122;122,156,242;242,150,122;242,156,150
156,150,128;128,150,155;155,156,128;155,150,156
121,149,128;128,149,150;150,121,128;150,149,121
129,150,128;128,150,156;156,129,128;156,150,129
150,149,128;128,149,155;155,150,128;155,149,150
122,121,128;128,121,150;150,122,128;150,121,122
129,122,128;128,122,150;150,129,128;150,122,129
108,81,101;101,81,75;75,108,101;75,81,108
81,74,101;101,74,75;75,81,101;75,74,81
102,108,101;101,108,75;75,102,101;75,108,102
96,102,101;101,102,75;75,96,101;75,102,96
68,96,101;101,96,75;75,68,101;75,96,68
74,68,101;101,68,75;75,74,101;75,68,74
76,49,69;69,49,50;50,76,69;50,49,76
50,49,69;69,49,43;43,50,69;43,49,50
49,42,69;69,42,43;43,49,69;43,42,49
77,76,69;69,76,50;50,77,69;50,76,77
77,50,69;69,50,43;43,77,69;43,50,77
70,77,69;69,77,43;43,70,69;43,77,70
48,76,69;69,76,75;75,48,69;75,76,48
49,76,69;69,76,48;48,49,69;48,76,49
41,48,69;69,48,75;75,41,69;75,48,41
42,49,69;69,49,41;41,42,69;41,49,42
49,48,69;69,48,41;41,49,69;41,48,49
68,41,69;69,41,75;75,68,69;75,41,68
50,44,23;23,44,43;43,50,23;43,44,50
44,17,23;23,17,43;43,44,23;43,17,44
24,17,23;23,17,44;44,24,23;44,17,24
51,24,23;23,24,44;44,51,23;44,24,51
51,44,23;23,44,50;50,51,23;50,44,51
17,16,23;23,16,43;43,17,23;43,16,17
48,49,15;15,49,41;41,48,15;41,49,48
49,48,15;15,48,21;21,49,15;21,48,49
22,49,15;15,49,21;21,22,15;21,49,22
48,41,15;15,41,21;21,48,15;21,41,48
49,42,15;15,42,41;41,49,15;41,42,49
41,14,15;15,14,21;21,41,15;21,14,41
49,22,15;15,22,50;50,49,15;50,22,49
49,50,15;15,50,43;43,49,15;43,50,49
42,49,15;15,49,43;43,42,15;43,49,42
23,16,15;15,16,50;50,23,15;50,16,23
50,16,15;15,16,43;43,50,15;43,16,50
22,23,15;15,23,50;50,22,15;50,23,22
203,231,210;210,231,242;242,203,210;242,231,203
231,238,210;210,238,242;242,231,210;242,238,231
106,130,99;99,130,243;243,106,99;243,130,106
130,123,99;99,123,243;243,130,99;243,123,130
99,72,79;79,72,243;243,99,79;243,72,99
106,99,79;79,99,243;243,106,79;243,99,106
204,211,232;232,211,243;243,204,232;243,211,204
211,239,232;232,239,243;243,211,232;243,239,211
26,233,241;241,233,240;240,26,241;240,233,26
20,26,241;241,26,27;27,20,241;27,26,20
26,19,241;241,19,233;233,26,241;233,19,26
20,19,241;241,19,26;26,20,241;26,19,20
19,20,241;241,20,233;233,19,241;233,20,19
20,234,241;241,234,233;233,20,241;233,234,20
235,22,228;228,22,21;21,235,228;21,22,235
22,14,228;228,14,21;21,22,228;21,14,22
235,236,228;228,236,22;22,235,228;22,236,235
236,229,228;228,229,22;22,236,228;22,229,236
15,14,228;228,14,22;22,15,228;22,14,15
229,15,228;228,15,22;22,229,228;22,15,229
27,235,228;228,235,21;21,27,228;21,235,27
20,27,228;228,27,21;21,20,228;21,27,20
14,20,228;228,20,21;21,14,228;21,20,14
234,241,228;228,241,27;27,234,228;27,241,234
20,234,228;228,234,27;27,20,228;27,234,20
27,241,228;228,241,235;235,27,228;235,241,27
206,200,228;228,200,207;207,206,228;207,200,206
213,206,228;228,206,207;207,213,228;207,206,213
235,213,228;228,213,207;207,235,228;207,213,235
241,234,228;228,234,213;213,241,228;213,234,241
213,234,228;228,234,206;206,213,228;206,234,213
241,213,228;228,213,235;235,241,228;235,213,241
155,156,177;177,156,183;183,155,177;183,156,155
155,183,177;177,183,176;176,155,177;176,183,155
150,156,177;177,156,155;155,150,177;155,156,150
149,150,177;177,150,155;155,149,177;155,150,149
149,155,177;177,155,176;176,149,177;176,155,149
156,184,177;177,184,183;183,156,177;183,184,156
210,184,177;177,184,242;242,210,177;242,184,210
203,210,177;177,210,242;242,203,177;242,210,203
184,156,177;177,156,242;242,184,177;242,156,184
156,150,177;177,150,242;242,156,177;242,150,156
50,77,71;71,77,43;43,50,71;43,77,50
44,50,71;71,50,43;43,44,71;43,50,44
78,77,71;71,77,50;50,78,71;50,77,78
51,78,71;71,78,50;50,51,71;50,78,51
44,51,71;71,51,50;50,44,71;50,51,44
77,70,71;71,70,43;43,77,71;43,70,77
78,51,71;71,51,242;242,78,71;242,51,78
51,44,71;71,44,242;242,51,71;242,44,51
178,152,145;145,152,179;179,178,145;179,152,178
178,171,145;145,171,144;144,178,145;144,171,178
171,178,145;145,178,179;179,171,145;179,178,171
151,178,145;145,178,144;144,151,145;144,178,151
151,152,145;145,152,178;178,151,145;178,152,151
172,171,145;145,171,179;179,172,145;179,171,172
100,93,124;124,93,94;94,100,124;94,93,100
100,99,124;124,99,93;93,100,124;93,99,100
93,120,124;124,120,94;94,93,124;94,120,93
119,120,124;124,120,93;93,119,124;93,120,119
93,99,124;124,99,123;123,93,124;123,99,93
119,93,124;124,93,123;123,119,124;123,93,119
158,157,124;124,157,131;131,158,124;131,157,158
157,130,124;124,130,131;131,157,124;131,130,157
123,130,124;124,130,157;157,123,124;157,130,123
158,152,124;124,152,157;157,158,124;157,152,158
151,123,124;124,123,157;157,151,124;157,123,151
152,151,124;124,151,157;157,152,124;157,151,152
123,151,124;124,151,144;144,123,124;144,151,123
151,152,124;124,152,144;144,151,124;144,152,151
152,145,124;124,145,144;144,152,124;144,145,152
145,120,124;124,120,144;144,145,124;144,120,145
119,123,124;124,123,144;144,119,124;144,123,119
120,119,124;124,119,144;144,120,124;144,119,120
159,126,125;125,126,153;153,159,125;153,126,159
126,248,125;125,248,153;153,126,125;153,248,126
248,147,125;125,147,153;153,248,125;153,147,248
147,159,125;125,159,153;153,147,125;153,159,147
159,132,125;125,132,126;126,159,125;126,132,159
147,246,125;125,246,159;159,147,125;159,246,147
147,140,125;125,140,146;146,147,125;146,140,147
140,249,125;125,249,146;146,140,125;146,249,140
246,147,125;125,147,146;146,246,125;146,147,246
140,147,125;125,147,248;248,140,125;248,147,140
140,115,125;125,115,249;249,140,125;249,115,140
115,140,125;125,140,248;248,115,125;248,140,115
248,96,125;125,96,89;89,248,125;89,96,248
96,95,125;125,95,89;89,96,125;89,95,96
95,249,125;125,249,89;89,95,125;89,249,95
96,101,125;125,101,95;95,96,125;95,101,96
249,115,125;125,115,89;89,249,125;89,115,249
115,248,125;125,248,89;89,115,125;89,248,115
102,126,125;125,126,108;108,102,125;108,126,102
102,248,125;125,248,126;126,102,125;126,248,102
126,132,125;125,132,108;108,126,125;108,132,126
96,102,125;125,102,108;108,96,125;108,102,96
102,96,125;125,96,248;248,102,125;248,96,102
101,96,125;125,96,108;108,101,125;108,96,101
159,158,125;125,158,131;131,159,125;131,158,159
158,152,125;125,152,131;131,158,125;131,152,158
152,158,125;125,158,159;159,152,125;159,158,152
132,159,125;125,159,131;131,132,125;131,159,132
152,124,125;125,124,131;131,152,125;131,124,152
246,152,125;125,152,159;159,246,125;159,152,246
120,145,125;125,145,146;146,120,125;146,145,120
249,120,125;125,120,146;146,249,125;146,120,249
120,124,125;125,124,152;152,120,125;152,124,120
152,246,125;125,246,146;146,152,125;146,246,152
145,120,125;125,120,152;152,145,125;152,120,145
145,152,125;125,152,146;146,145,125;146,152,145
100,94,125;125,94,95;95,100,125;95,94,100
100,120,125;125,120,94;94,100,125;94,120,100
94,249,125;125,249,95;95,94,125;95,249,94
124,120,125;125,120,100;100,124,125;100,120,124
120,249,125;125,249,94;94,120,125;94,249,120
101,100,125;125,100,95;95,101,125;95,100,101
181,159,180;180,159,153;153,181,180;153,159,181
159,147,180;180,147,153;153,159,180;153,147,159
181,187,180;180,187,159;159,181,180;159,187,181
147,181,180;180,181,153;153,147,180;153,181,147
147,174,180;180,174,181;181,147,180;181,174,147
246,147,180;180,147,159;159,246,180;159,147,246
146,173,180;180,173,167;167,146,180;167,173,146
174,147,180;180,147,167;167,174,180;167,147,174
140,146,180;180,146,167;167,140,180;167,146,140
147,140,180;180,140,167;167,147,180;167,140,147
140,147,180;180,147,146;146,140,180;146,147,140
147,246,180;180,246,146;146,147,180;146,246,147
187,181,180;180,181,207;207,187,180;207,181,187
181,200,180;180,200,207;207,181,180;207,200,181
200,206,180;180,206,207;207,200,180;207,206,200
213,187,180;180,187,207;207,213,180;207,187,213
206,213,180;180,213,207;207,206,180;207,213,206
174,200,180;180,200,181;181,174,180;181,200,174
158,159,180;180,159,186;186,158,180;186,159,158
158,186,180;180,186,179;179,158,180;179,186,158
159,187,180;180,187,186;186,159,180;186,187,159
152,158,180;180,158,179;179,152,180;179,158,152
158,152,180;180,152,159;159,158,180;159,152,158
152,246,180;180,246,159;159,152,180;159,246,152
172,152,180;180,152,179;179,172,180;179,152,172
172,173,180;180,173,146;146,172,180;146,173,172
145,172,180;180,172,146;146,145,180;146,172,145
246,152,180;180,152,146;146,246,180;146,152,246
152,145,180;180,145,146;146,152,180;146,145,152
172,145,180;180,145,152;152,172,180;152,145,172
94,73,65;65,73,66;66,94,65;66,73,94
73,100,65;65,100,72;72,73,65;72,100,73
99,100,65;65,100,93;93,99,65;93,100,99
100,73,65;65,73,94;94,100,65;94,73,100
93,100,65;65,100,94;94,93,65;94,100,93
100,99,65;65,99,72;72,100,65;72,99,100
42,62,63;63,62,35;35,42,63;35,62,42
70,42,63;63,42,43;43,70,63;43,42,70
42,35,63;63,35,43;43,42,63;43,35,42
35,36,63;63,36,43;43,35,63;43,36,35
70,69,63;63,69,42;42,70,63;42,69,70
42,69,63;63,69,62;62,42,63;62,69,42
1,28,29;29,28,255;255,1,29;255,28,1
2,1,29;29,1,255;255,2,29;255,1,2
35,42,9;9,42,43;43,35,9;43,42,35
42,16,9;9,16,43;43,42,9;43,16,42
16,10,9;9,10,43;43,16,9;43,10,16
10,36,9;9,36,43;43,10,9;43,36,10
36,35,9;9,35,43;43,36,9;43,35,36
15,16,9;9,16,42;42,15,9;42,16,15
123,130,107;107,130,131;131,123,107;131,130,123
106,130,107;107,130,123;123,106,107;123,130,106
124,100,107;107,100,123;123,124,107;123,100,124
99,106,107;107,106,123;123,99,107;123,106,99
100,99,107;107,99,123;123,100,107;123,99,100
124,123,107;107,123,131;131,124,107;131,123,124
101,132,107;107,132,108;108,101,107;108,132,101
124,125,107;107,125,101;101,124,107;101,125,124
132,124,107;107,124,131;131,132,107;131,124,132
124,101,107;107,101,100;100,124,107;100,101,124
101,125,107;107,125,132;132,101,107;132,125,101
125,124,107;107,124,132;132,125,107;132,124,125
111,135,112;112,135,255;255,111,112;255,135,111
135,136,112;112,136,255;255,135,112;255,136,135
83,110,84;84,110,255;255,83,84;255,110,83
110,111,84;84,111,255;255,110,84;255,111,110
111,112,84;84,112,255;255,111,84;255,112,111
112,85,84;84,85,255;255,112,84;255,85,112
111,135,134;134,135,142;142,111,134;142,135,111
110,111,134;134,111,116;116,110,134;116,111,110
117,142,134;134,142,116;116,117,134;116,142,117
117,111,134;134,111,142;142,117,134;142,111,117
111,117,134;134,117,116;116,111,134;116,117,111
142,141,134;134,141,116;116,142,134;116,141,142
135,111,134;134,111,255;255,135,134;255,111,135
111,110,134;134,110,255;255,111,134;255,110,111
183,155,148;148,155,176;176,183,148;176,155,183
175,183,148;148,183,176;176,175,148;176,183,175
155,149,148;148,149,176;176,155,148;176,149,155
175,182,148;148,182,183;183,175,148;183,182,175
182,155,148;148,155,183;183,182,148;183,155,182
182,154,148;148,154,155;155,182,148;155,154,182
181,147,148;148,147,153;153,181,148;153,147,181
175,174,148;148,174,181;181,175,148;181,174,175
174,147,148;148,147,181;181,174,148;181,147,174
182,181,148;148,181,153;153,182,148;153,181,182
182,175,148;148,175,181;181,182,148;181,175,182
154,182,148;148,182,153;153,154,148;153,182,154
247,121,148;148,121,127;127,247,148;127,121,247
121,149,148;148,149,155;155,121,148;155,149,121
128,155,148;148,155,127;127,128,148;127,155,128
121,128,148;148,128,127;127,121,148;127,128,121
128,121,148;148,121,155;155,128,148;155,121,128
155,154,148;148,154,127;127,155,148;127,154,155
149,121,148;148,121,142;142,149,148;142,121,149
121,247,148;148,247,116;116,121,148;116,247,121
121,117,148;148,117,142;142,121,148;142,117,121
142,117,148;148,117,116;116,142,148;116,117,142
117,121,148;148,121,116;116,117,148;116,121,117
141,142,148;148,142,116;116,141,148;116,142,141
126,127,148;148,127,153;153,126,148;153,127,126
126,248,148;148,248,127;127,126,148;127,248,126
248,126,148;148,126,153;153,248,148;153,126,248
248,247,148;148,247,127;127,248,148;127,247,248
147,248,148;148,248,153;153,147,148;153,248,147
127,154,148;148,154,153;153,127,148;153,154,127
247,248,148;148,248,116;116,247,148;116,248,247
147,140,148;148,140,248;248,147,148;248,140,147
248,115,148;148,115,116;116,248,148;116,115,248
115,140,148;148,140,116;116,115,148;116,140,115
140,115,148;148,115,248;248,140,148;248,115,140
140,141,148;148,141,116;116,140,148;116,141,140
187,186,205;205,186,179;179,187,205;179,186,187
206,213,205;205,213,187;187,206,205;187,213,206
187,213,205;205,213,186;186,187,205;186,213,187
213,212,205;205,212,186;186,213,205;186,212,213
180,206,205;205,206,187;187,180,205;187,206,180
180,187,205;205,187,179;179,180,205;179,187,180
186,178,205;205,178,179;179,186,205;179,178,186
178,211,205;205,211,204;204,178,205;204,211,178
211,185,205;205,185,186;186,211,205;186,185,211
185,211,205;205,211,178;178,185,205;178,211,185
185,178,205;205,178,186;186,185,205;186,178,185
212,211,205;205,211,186;186,212,205;186,211,212
171,178,205;205,178,204;204,171,205;204,178,171
178,171,205;205,171,179;179,178,205;179,171,178
197,171,205;205,171,204;204,197,205;204,171,197
171,172,205;205,172,179;179,171,205;179,172,171
197,172,205;205,172,171;171,197,205;171,172,197
198,172,205;205,172,197;197,198,205;197,172,198
212,213,205;205,213,240;240,212,205;240,213,212
234,241,205;205,241,213;213,234,205;213,241,234
234,213,205;205,213,206;206,234,205;206,213,234
234,233,205;205,233,240;240,234,205;240,233,234
213,241,205;205,241,240;240,213,205;240,241,213
241,234,205;205,234,240;240,241,205;240,234,241
239,211,205;205,211,240;240,239,205;240,211,239
211,239,205;205,239,204;204,211,205;204,239,211
211,212,205;205,212,240;240,211,205;240,212,211
233,239,205;205,239,240;240,233,205;240,239,233
239,232,205;205,232,204;204,239,205;204,232,239
232,239,205;205,239,233;233,232,205;233,239,232
174,200,199;199,200,206;206,174,199;206,200,174
200,174,199;199,174,167;167,200,199;167,174,200
180,174,199;199,174,206;206,180,199;206,174,180
174,173,199;199,173,167;167,174,199;167,173,174
194,200,199;199,200,167;167,194,199;167,200,194
174,180,199;199,180,173;173,174,199;173,180,174
172,173,199;199,173,179;179,172,199;179,173,172
198,172,199;199,172,179;179,198,199;179,172,198
180,206,199;199,206,179;179,180,199;179,206,180
173,180,199;199,180,179;179,173,199;179,180,173
206,205,199;199,205,179;179,206,199;179,205,206
205,198,199;199,198,179;179,205,199;179,198,205
239,25,18;18,25,243;243,239,18;243,25,239
232,239,18;18,239,243;243,232,18;243,239,232
25,239,18;18,239,240;240,25,18;240,239,25
239,233,18;18,233,240;240,239,18;240,233,239
26,25,18;18,25,240;240,26,18;240,25,26
233,26,18;18,26,240;240,233,18;240,26,233
19,26,18;18,26,233;233,19,18;233,26,19
239,232,18;18,232,233;233,239,18;233,232,239
14,15,221;221,15,8;8,14,221;8,15,14
15,14,221;221,14,229;229,15,221;229,14,15
14,228,221;221,228,229;229,14,221;229,228,14
222,15,221;221,15,229;229,222,221;229,15,222
9,15,221;221,15,222;222,9,221;222,15,9
15,9,221;221,9,8;8,15,221;8,9,15
200,234,221;221,234,206;206,200,221;206,234,200
194,200,221;221,200,206;206,194,221;206,200,194
206,234,221;221,234,227;227,206,221;227,234,206
228,234,221;221,234,200;200,228,221;200,234,228
199,194,221;221,194,206;206,199,221;206,194,199
199,206,221;221,206,227;227,199,221;227,206,199
140,115,109;109,115,116;116,140,109;116,115,140
141,134,109;109,134,133;133,141,109;133,134,141
110,141,109;109,141,116;116,110,109;116,141,110
141,133,109;109,133,140;140,141,109;140,133,141
141,140,109;109,140,116;116,141,109;116,140,141
134,141,109;109,141,110;110,134,109;110,141,134
134,110,109;109,110,255;255,134,109;255,110,134
133,134,109;109,134,255;255,133,109;255,134,133
143,150,169;169,150,142;142,143,169;142,150,143
149,150,169;169,150,176;176,149,169;176,150,149
150,149,169;169,149,142;142,150,169;142,149,150
170,177,169;169,177,150;150,170,169;150,177,170
143,170,169;169,170,150;150,143,169;150,170,143
150,177,169;169,177,176;176,150,169;176,177,150
192,193,164;164,193,255;255,192,164;255,193,192
193,165,164;164,165,255;255,193,164;255,165,193
172,197,164;164,197,171;171,172,164;171,197,172
192,197,164;164,197,193;193,192,164;193,197,192
198,172,164;164,172,193;193,198,164;193,172,198
172,198,164;164,198,197;197,172,164;197,198,172
197,198,164;164,198,193;193,197,164;193,198,197
172,165,164;164,165,193;193,172,164;193,165,172
193,192,218;218,192,255;255,193,218;255,192,193
219,193,218;218,193,255;255,219,218;255,193,219
234,233,226;226,233,206;206,234,226;206,233,234
234,206,226;226,206,227;227,234,226;227,206,234
198,199,226;226,199,206;206,198,226;206,199,198
205,198,226;226,198,206;206,205,226;206,198,205
233,205,226;226,205,206;206,233,226;206,205,233
206,199,226;226,199,227;227,206,226;227,199,206
3,2,215;215,2,10;10,3,215;10,2,3
216,3,215;215,3,10;10,216,215;10,3,216
222,223,215;215,223,10;10,222,215;10,223,222
223,216,215;215,216,10;10,223,215;10,216,223
2,9,215;215,9,10;10,2,215;10,9,2
9,222,215;215,222,10;10,9,215;10,222,9
2,1,215;215,1,8;8,2,215;8,1,2
1,214,215;215,214,8;8,1,215;8,214,1
9,2,215;215,2,8;8,9,215;8,2,9
222,9,215;215,9,8;8,222,215;8,9,222
221,222,215;215,222,8;8,221,215;8,222,221
214,221,215;215,221,8;8,214,215;8,221,214
2,3,215;215,3,255;255,2,215;255,3,2
3,216,215;215,216,255;255,3,215;255,216,3
1,2,215;215,2,255;255,1,215;255,2,1
214,1,215;215,1,255;255,214,215;255,1,214
1,214,7;7,214,255;255,1,7;255,214,1
214,220,7;7,220,255;255,214,7;255,220,214
47,74,67;67,74,46;46,47,67;46,74,47
73,66,67;67,66,46;46,73,67;46,66,73
74,73,67;67,73,46;46,74,67;46,73,74
40,47,67;67,47,46;46,40,67;46,47,40
39,40,67;67,40,46;46,39,67;46,40,39
66,39,67;67,39,46;46,66,67;46,39,66
101,100,67;67,100,74;74,101,67;74,100,101
73,94,67;67,94,66;66,73,67;66,94,73
73,100,67;67,100,94;94,73,67;94,100,73
94,100,67;67,100,95;95,94,67;95,100,94
100,73,67;67,73,74;74,100,67;74,73,100
100,101,67;67,101,95;95,100,67;95,101,100
95,96,67;67,96,89;89,95,67;89,96,95
68,96,67;67,96,74;74,68,67;74,96,68
96,68,67;67,68,89;89,96,67;89,68,96
68,61,67;67,61,89;89,68,67;89,61,68
101,96,67;67,96,95;95,101,67;95,96,101
96,101,67;67,101,74;74,96,67;74,101,96
2,9,34;34,9,8;8,2,34;8,9,2
1,2,34;34,2,8;8,1,34;8,2,1
29,2,34;34,2,28;28,29,34;28,2,29
28,2,34;34,2,1;1,28,34;1,2,28
2,29,34;34,29,35;35,2,34;35,29,2
9,2,34;34,2,35;35,9,34;35,2,9
74,47,34;34,47,41;41,74,34;41,47,74
40,47,34;34,47,74;74,40,34;74,47,40
68,74,34;34,74,41;41,68,34;41,74,68
68,61,34;34,61,74;74,68,34;74,61,68
67,40,34;34,40,74;74,67,34;74,40,67
61,67,34;34,67,74;74,61,34;74,67,61
42,68,34;34,68,41;41,42,34;41,68,42
62,42,34;34,42,35;35,62,34;35,42,62
68,69,34;34,69,62;62,68,34;62,69,68
69,42,34;34,42,62;62,69,34;62,42,69
69,68,34;34,68,42;42,69,34;42,68,69
61,68,34;34,68,62;62,61,34;62,68,61
14,42,34;34,42,41;41,14,34;41,42,14
9,15,34;34,15,8;8,9,34;8,15,9
15,14,34;34,14,8;8,15,34;8,14,15
14,15,34;34,15,42;42,14,34;42,15,14
42,15,34;34,15,35;35,42,34;35,15,42
15,9,34;34,9,35;35,15,34;35,9,15
111,117,90;90,117,91;91,111,90;91,117,111
84,111,90;90,111,91;91,84,90;91,111,84
110,111,90;90,111,83;83,110,90;83,111,110
111,110,90;90,110,116;116,111,90;116,110,111
117,111,90;90,111,116;116,117,90;116,111,117
111,84,90;90,84,83;83,111,90;83,84,111
81,74,80;80,74,108;108,81,80;108,74,81
73,100,80;80,100,74;74,73,80;74,100,73
101,100,80;80,100,108;108,101,80;108,100,101
74,101,80;80,101,108;108,74,80;108,101,74
100,101,80;80,101,74;74,100,80;74,101,100
100,107,80;80,107,108;108,100,80;108,107,100
100,73,80;80,73,72;72,100,80;72,73,100
100,99,80;80,99,106;106,100,80;106,99,100
99,100,80;80,100,72;72,99,80;72,100,99
106,99,80;80,99,72;72,106,80;72,99,106
79,106,80;80,106,72;72,79,80;72,106,79
107,100,80;80,100,106;106,107,80;106,100,107
54,74,80;80,74,81;81,54,80;81,74,54
54,53,80;80,53,46;46,54,80;46,53,54
47,54,80;80,54,46;46,47,80;46,54,47
47,74,80;80,74,54;54,47,80;54,74,47
74,47,80;80,47,46;46,74,80;46,47,74
73,74,80;80,74,46;46,73,80;46,74,73
215,216,190;190,216,255;255,215,190;255,216,215
189,215,190;190,215,255;255,189,190;255,215,189
235,200,208;208,200,207;207,235,208;207,200,235
236,229,208;208,229,235;235,236,208;235,229,236
229,228,208;208,228,235;235,229,208;235,228,229
228,200,208;208,200,235;235,228,208;235,200,228
228,229,208;208,229,200;200,228,208;200,229,228
229,201,208;208,201,200;200,229,208;200,201,229
174,200,208;208,200,175;175,174,208;175,200,174
200,181,208;208,181,207;207,200,208;207,181,200
174,175,208;208,175,181;181,174,208;181,175,174
200,174,208;208,174,181;181,200,208;181,174,200
175,182,208;208,182,181;181,175,208;181,182,175
200,201,208;208,201,175;175,200,208;175,201,200
184,209,202;202,209,183;183,184,202;183,209,184
210,184,202;202,184,203;203,210,202;203,184,210
184,177,202;202,177,203;203,184,202;203,177,184
184,183,202;202,183,176;176,184,202;176,183,184
184,210,202;202,210,209;209,184,202;209,210,184
177,184,202;202,184,176;176,177,202;176,184,177
183,175,202;202,175,176;176,183,202;176,175,183
182,175,202;202,175,183;183,182,202;183,175,182
208,201,202;202,201,182;182,208,202;182,201,208
209,182,202;202,182,183;183,209,202;183,182,209
182,201,202;202,201,175;175,182,202;175,201,182
208,182,202;202,182,209;209,208,202;209,182,208
178,204,45;45,204,243;243,178,45;243,204,178
151,178,45;45,178,243;243,151,45;243,178,151
123,151,45;45,151,243;243,123,45;243,151,123
99,123,45;45,123,243;243,99,45;243,123,99
72,99,45;45,99,243;243,72,45;243,99,72
204,232,45;45,232,243;243,204,45;243,232,204
232,18,45;45,18,243;243,232,45;243,18,232
52,79,45;45,79,243;243,52,45;243,79,52
79,72,45;45,72,243;243,79,45;243,72,79
25,52,45;45,52,243;243,25,45;243,52,25
18,25,45;45,25,243;243,18,45;243,25,18
73,53,45;45,53,46;46,73,45;46,53,73
73,80,45;45,80,53;53,73,45;53,80,73
79,73,45;45,73,72;72,79,45;72,73,79
79,52,45;45,52,53;53,79,45;53,52,79
80,79,45;45,79,53;53,80,45;53,79,80
79,80,45;45,80,73;73,79,45;73,80,79
25,26,45;45,26,53;53,25,45;53,26,25
53,26,45;45,26,46;46,53,45;46,26,53
52,25,45;45,25,53;53,52,45;53,25,52
26,19,45;45,19,46;46,26,45;46,19,26
19,26,45;45,26,25;25,19,45;25,26,19
18,19,45;45,19,25;25,18,45;25,19,18
66,73,45;45,73,46;46,66,45;46,73,66
72,73,45;45,73,66;66,72,45;66,73,72
39,38,45;45,38,66;66,39,45;66,38,39
65,72,45;45,72,66;66,65,45;66,72,65
38,65,45;45,65,66;66,38,45;66,65,38
39,66,45;45,66,46;46,39,45;46,66,39
95,94,87;87,94,66;66,95,87;66,94,95
252,88,87;87,88,95;95,252,87;95,88,252
60,252,87;87,252,66;66,60,87;66,252,60
67,252,87;87,252,95;95,67,87;95,252,67
67,95,87;87,95,66;66,67,87;66,95,67
252,67,87;87,67,66;66,252,87;66,67,252
88,252,87;87,252,255;255,88,87;255,252,88
252,60,87;87,60,255;255,252,87;255,60,252
94,93,59;59,93,66;66,94,59;66,93,94
93,94,59;59,94,86;86,93,59;86,94,93
93,65,59;59,65,66;66,93,59;66,65,93
60,94,59;59,94,66;66,60,59;66,94,60
60,87,59;59,87,94;94,60,59;94,87,60
94,87,59;59,87,86;86,94,59;86,87,94
87,60,59;59,60,255;255,87,59;255,60,87
86,87,59;59,87,255;255,86,59;255,87,86
110,83,82;82,83,255;255,110,82;255,83,110
109,110,82;82,110,255;255,109,82;255,110,109
252,88,82;82,88,255;255,252,82;255,88,252
55,252,82;82,252,255;255,55,82;255,252,55
83,110,82;82,110,116;116,83,82;116,110,83
109,115,82;82,115,110;110,109,82;110,115,109
116,115,82;82,115,89;89,116,82;89,115,116
110,115,82;82,115,116;116,110,82;116,115,110
90,83,82;82,83,116;116,90,82;116,83,90
90,116,82;82,116,89;89,90,82;89,116,90
88,252,82;82,252,95;95,88,82;95,252,88
252,67,82;82,67,95;95,252,82;95,67,252
61,252,82;82,252,55;55,61,82;55,252,61
95,61,82;82,61,89;89,95,82;89,61,95
67,61,82;82,61,95;95,67,82;95,61,67
61,67,82;82,67,252;252,61,82;252,67,61
59,31,113;113,31,255;255,59,113;255,31,59
31,5,113;113,5,255;255,31,113;255,5,31
164,137,113;113,137,255;255,164,113;255,137,164
192,164,113;113,164,255;255,192,113;255,164,192
5,218,113;113,218,255;255,5,113;255,218,5
218,192,113;113,192,255;255,218,113;255,192,218
86,59,113;113,59,255;255,86,113;255,59,86
87,86,113;113,86,255;255,87,113;255,86,87
114,87,113;113,87,255;255,114,113;255,87,114
120,93,113;113,93,94;94,120,113;94,93,120
94,93,113;113,93,86;86,94,113;86,93,94
120,119,113;113,119,93;93,120,113;93,119,120
87,114,113;113,114,94;94,87,113;94,114,87
114,120,113;113,120,94;94,114,113;94,120,114
87,94,113;113,94,86;86,87,113;86,94,87
149,121,118;118,121,150;150,149,118;150,121,149
150,143,118;118,143,142;142,150,118;142,143,150
149,150,118;118,150,142;142,149,118;142,150,149
121,149,118;118,149,142;142,121,118;142,149,121
121,122,118;118,122,150;150,121,118;150,122,121
117,121,118;118,121,142;142,117,118;142,121,117
143,136,118;118,136,142;142,143,118;142,136,143
136,135,118;118,135,142;142,136,118;142,135,136
111,135,118;118,135,136;136,111,118;136,135,111
135,111,118;118,111,142;142,135,118;142,111,135
111,117,118;118,117,142;142,111,118;142,117,111
112,111,118;118,111,136;136,112,118;136,111,112
117,111,118;118,111,91;91,117,118;91,111,117
112,85,118;118,85,111;111,112,118;111,85,112
111,84,118;118,84,91;91,111,118;91,84,111
84,85,118;118,85,91;91,84,118;91,85,84
85,84,118;118,84,111;111,85,118;111,84,85
85,92,118;118,92,91;91,85,118;91,92,85
16,17,37;37,17,43;43,16,37;43,17,16
17,10,37;37,10,11;11,17,37;11,10,17
17,44,37;37,44,43;43,17,37;43,44,17
17,16,37;37,16,10;10,17,37;10,16,17
10,16,37;37,16,43;43,10,37;43,16,10
36,10,37;37,10,43;43,36,37;43,10,36
174,147,168;168,147,175;175,174,168;175,147,174
147,174,168;168,174,167;167,147,168;167,174,147
140,147,168;168,147,167;167,140,168;167,147,140
140,141,168;168,141,147;147,140,168;147,141,140
141,148,168;168,148,147;147,141,168;147,148,141
147,148,168;168,148,175;175,147,168;175,148,147
175,149,168;168,149,176;176,175,168;176,149,175
149,142,168;168,142,176;176,149,168;176,142,149
148,141,168;168,141,149;149,148,168;149,141,148
149,141,168;168,141,142;142,149,168;142,141,149
148,149,168;168,149,175;175,148,168;175,149,148
142,169,168;168,169,176;176,142,168;176,169,142
146,140,166;166,140,167;167,146,166;167,140,146
140,133,166;166,133,167;167,140,166;167,133,140
173,146,166;166,146,167;167,173,166;167,146,173
133,140,166;166,140,146;146,133,166;146,140,133
133,160,166;166,160,167;167,133,166;167,160,133
139,133,166;166,133,146;146,139,166;146,133,139
160,133,166;166,133,255;255,160,166;255,133,160
133,139,166;166,139,255;255,133,166;255,139,133
218,5,6;6,5,255;255,218,6;255,5,218
219,218,6;6,218,255;255,219,6;255,218,219
7,220,6;6,220,255;255,7,6;255,220,7
220,219,6;6,219,255;255,220,6;255,219,220
62,61,56;56,61,35;35,62,56;35,61,62
28,61,56;56,61,55;55,28,56;55,61,28
61,34,56;56,34,35;35,61,56;35,34,61
28,29,56;56,29,35;35,28,56;35,29,28
34,61,56;56,61,28;28,34,56;28,61,34
34,28,56;56,28,35;35,34,56;35,28,34
61,62,56;56,62,89;89,61,56;89,62,61
55,61,56;56,61,89;89,55,56;89,61,55
62,90,56;56,90,89;89,62,56;89,90,62
90,83,56;56,83,89;89,90,56;89,83,90
83,82,56;56,82,89;89,83,56;89,82,83
82,55,56;56,55,89;89,82,56;89,55,82
63,91,56;56,91,62;62,63,56;62,91,63
91,84,56;56,84,83;83,91,56;83,84,91
63,84,56;56,84,91;91,63,56;91,84,63
57,84,56;56,84,63;63,57,56;63,84,57
90,91,56;56,91,83;83,90,56;83,91,90
91,90,56;56,90,62;62,91,56;62,90,91
29,28,56;56,28,255;255,29,56;255,28,29
28,55,56;56,55,255;255,28,56;255,55,28
82,83,56;56,83,255;255,82,56;255,83,82
55,82,56;56,82,255;255,55,56;255,82,55
83,84,56;56,84,255;255,83,56;255,84,83
84,57,56;56,57,255;255,84,56;255,57,84
216,3,4;4,3,255;255,216,4;255,3,216
217,216,4;4,216,255;255,217,4;255,216,217
10,224,4;4,224,11;11,10,4;11,224,10
3,216,4;4,216,10;10,3,4;10,216,3
223,224,4;4,224,10;10,223,4;10,224,223
216,223,4;4,223,10;10,216,4;10,223,216
223,216,4;4,216,224;224,223,4;224,216,223
216,217,4;4,217,224;224,216,4;224,217,216
76,77,251;251,77,104;104,76,251;104,77,76
70,77,251;251,77,76;76,70,251;76,77,70
77,70,251;251,70,104;104,77,251;104,70,77
69,70,251;251,70,76;76,69,251;76,70,69
70,97,251;251,97,104;104,70,251;104,97,70
103,76,251;251,76,104;104,103,251;104,76,103
70,69,251;251,69,62;62,70,251;62,69,70
63,70,251;251,70,62;62,63,251;62,70,63
70,63,251;251,63,91;91,70,251;91,63,70
91,63,251;251,63,62;62,91,251;62,63,91
97,70,251;251,70,91;91,97,251;91,70,97
90,91,251;251,91,62;62,90,251;62,91,90
76,102,251;251,102,75;75,76,251;75,102,76
102,96,251;251,96,75;75,102,251;75,96,102
68,76,251;251,76,75;75,68,251;75,76,68
96,68,251;251,68,75;75,96,251;75,68,96
68,69,251;251,69,76;76,68,251;76,69,68
103,102,251;251,102,76;76,103,251;76,102,103
68,96,251;251,96,89;89,68,251;89,96,68
69,68,251;251,68,62;62,69,251;62,68,69
61,68,251;251,68,89;89,61,251;89,68,61
62,61,251;251,61,89;89,62,251;89,61,62
68,61,251;251,61,62;62,68,251;62,61,68
90,62,251;251,62,89;89,90,251;89,62,90
121,247,251;251,247,127;127,121,251;127,247,121
104,128,251;251,128,127;127,104,251;127,128,104
121,128,251;251,128,104;104,121,251;104,128,121
128,121,251;251,121,127;127,128,251;127,121,128
97,121,251;251,121,104;104,97,251;104,121,97
103,104,251;251,104,127;127,103,251;127,104,103
247,121,251;251,121,116;116,247,251;116,121,247
121,117,251;251,117,116;116,121,251;116,117,121
117,121,251;251,121,91;91,117,251;91,121,117
117,91,251;251,91,116;116,117,251;116,91,117
121,97,251;251,97,91;91,121,251;91,97,121
91,90,251;251,90,116;116,91,251;116,90,91
248,126,251;251,126,127;127,248,251;127,126,248
126,102,251;251,102,127;127,126,251;127,102,126
247,248,251;251,248,127;127,247,251;127,248,247
248,102,251;251,102,126;126,248,251;126,102,248
96,102,251;251,102,248;248,96,251;248,102,96
102,103,251;251,103,127;127,102,251;127,103,102
248,247,251;251,247,116;116,248,251;116,247,248
96,248,251;251,248,89;89,96,251;89,248,96
115,248,251;251,248,116;116,115,251;116,248,115
115,116,251;251,116,89;89,115,251;89,116,115
248,115,251;251,115,89;89,248,251;89,115,248
116,90,251;251,90,89;89,116,251;89,90,116
129,122,98;98,122,121;121,129,98;121,122,129
128,121,98;98,121,104;104,128,98;104,121,128
128,129,98;98,129,121;121,128,98;121,129,128
129,128,98;98,128,104;104,129,98;104,128,129
121,97,98;98,97,104;104,121,98;104,97,121
105,129,98;98,129,104;104,105,98;104,129,105
77,78,98;98,78,104;104,77,98;104,78,77
77,70,98;98,70,78;78,77,98;78,70,77
70,77,98;98,77,104;104,70,98;104,77,70
70,71,98;98,71,78;78,70,98;78,71,70
97,70,98;98,70,104;104,97,98;104,70,97
78,105,98;98,105,104;104,78,98;104,105,78
122,117,98;98,117,121;121,122,98;121,117,122
121,117,98;98,117,91;91,121,98;91,117,121
118,92,98;98,92,117;117,118,98;117,92,118
97,121,98;98,121,91;91,97,98;91,121,97
117,92,98;98,92,91;91,117,98;91,92,117
118,117,98;98,117,122;122,118,98;122,117,118
150,122,98;98,122,242;242,150,98;242,122,150
231,203,98;98,203,242;242,231,98;242,203,231
17,231,98;98,231,242;242,17,98;242,231,17
44,17,98;98,17,242;242,44,98;242,17,44
177,150,98;98,150,242;242,177,98;242,150,177
203,177,98;98,177,242;242,203,98;242,177,203
71,44,98;98,44,242;242,71,98;242,44,71
122,129,98;98,129,242;242,122,98;242,129,122
129,105,98;98,105,242;242,129,98;242,105,129
78,71,98;98,71,242;242,78,98;242,71,78
105,78,98;98,78,242;242,105,98;242,78,105
190,216,191;191,216,255;255,190,191;255,216,190
216,217,191;191,217,255;255,216,191;255,217,216
170,196,195;195,196,203;203,170,195;203,196,170
177,170,195;195,170,203;203,177,195;203,170,177
177,203,195;195,203,176;176,177,195;176,203,177
170,177,195;195,177,176;176,170,195;176,177,170
169,170,195;195,170,176;176,169,195;176,170,169
203,202,195;195,202,176;176,203,195;176,202,203
216,223,195;195,223,224;224,216,195;224,223,216
217,224,195;195,224,196;196,217,195;196,224,217
217,190,195;195,190,216;216,217,195;216,190,217
217,216,195;195,216,224;224,217,195;224,216,217
191,190,195;195,190,217;217,191,195;217,190,191
191,217,195;195,217,196;196,191,195;196,217,191
203,196,230;230,196,231;231,203,230;231,196,203
223,224,230;230,224,196;196,223,230;196,224,223
196,224,230;230,224,231;231,196,230;231,224,196
202,196,230;230,196,203;203,202,230;203,196,202
202,195,230;230,195,196;196,202,230;196,195,202
195,223,230;230,223,196;196,195,230;196,223,195
209,238,230;230,238,237;237,209,230;237,238,209
238,203,230;230,203,231;231,238,230;231,203,238
210,209,230;230,209,203;203,210,230;203,209,210
238,210,230;230,210,203;203,238,230;203,210,238
210,238,230;230,238,209;209,210,230;209,238,210
209,202,230;230,202,203;203,209,230;203,202,209
17,24,230;230,24,231;231,17,230;231,24,17
238,24,230;230,24,237;237,238,230;237,24,238
24,238,230;230,238,231;231,24,230;231,238,24
16,23,230;230,23,24;24,16,230;24,23,16
17,16,230;230,16,24;24,17,230;24,16,17
24,23,230;230,23,237;237,24,230;237,23,24
11,17,230;230,17,231;231,11,230;231,17,11
10,17,230;230,17,11;11,10,230;11,17,10
16,17,230;230,17,10;10,16,230;10,17,16
224,11,230;230,11,231;231,224,230;231,11,224
224,10,230;230,10,11;11,224,230;11,10,224
224,223,230;230,223,10;10,224,230;10,223,224
236,209,230;230,209,237;237,236,230;237,209,236
201,236,230;230,236,229;229,201,230;229,236,201
236,208,230;230,208,209;209,236,230;209,208,236
201,208,230;230,208,236;236,201,230;236,208,201
208,201,230;230,201,209;209,208,230;209,201,208
201,202,230;230,202,209;209,201,230;209,202,201
229,236,230;230,236,22;22,229,230;22,236,229
23,16,230;230,16,22;22,23,230;22,16,23
22,236,230;230,236,237;237,22,230;237,236,22
23,22,230;230,22,237;237,23,230;237,22,23
16,15,230;230,15,22;22,16,230;22,15,16
15,229,230;230,229,22;22,15,230;22,229,15
15,16,230;230,16,10;10,15,230;10,16,15
15,222,230;230,222,229;229,15,230;229,222,15
222,9,230;230,9,10;10,222,230;10,9,222
223,222,230;230,222,10;10,223,230;10,222,223
9,15,230;230,15,10;10,9,230;10,15,9
15,9,230;230,9,222;222,15,230;222,9,15
137,164,138;138,164,255;255,137,138;255,164,137
164,165,138;138,165,255;255,164,138;255,165,164
166,139,138;138,139,255;255,166,138;255,139,166
165,166,138;138,166,255;255,165,138;255,166,165
113,137,138;138,137,255;255,113,138;255,137,113
114,113,138;138,113,255;255,114,138;255,113,114
171,137,138;138,137,144;144,171,138;144,137,171
172,171,138;138,171,144;144,172,138;144,171,172
172,165,138;138,165,171;171,172,138;171,165,172
145,172,138;138,172,144;144,145,138;144,172,145
164,137,138;138,137,171;171,164,138;171,137,164
165,164,138;138,164,171;171,165,138;171,164,165
173,172,138;138,172,146;146,173,138;146,172,173
165,172,138;138,172,173;173,165,138;173,172,165
172,145,138;138,145,146;146,172,138;146,145,172
139,173,138;138,173,146;146,139,138;146,173,139
166,165,138;138,165,173;173,166,138;173,165,166
139,166,138;138,166,173;173,139,138;173,166,139
120,145,138;138,145,144;144,120,138;144,145,120
137,119,138;138,119,144;144,137,138;144,119,137
119,120,138;138,120,144;144,119,138;144,120,119
119,114,138;138,114,120;120,119,138;120,114,119
113,119,138;138,119,137;137,113,138;137,119,113
113,114,138;138,114,119;119,113,138;119,114,113
249,140,250;250,140,146;146,249,250;146,140,249
140,133,250;250,133,146;146,140,250;146,133,140
115,140,250;250,140,249;249,115,250;249,140,115
115,133,250;250,133,140;140,115,250;140,133,115
115,109,250;250,109,133;133,115,250;133,109,115
133,139,250;250,139,146;146,133,250;146,139,133
120,249,250;250,249,146;146,120,250;146,249,120
145,114,250;250,114,120;120,145,250;120,114,145
145,120,250;250,120,146;146,145,250;146,120,145
139,145,250;250,145,146;146,139,250;146,145,139
139,138,250;250,138,145;145,139,250;145,138,139
138,114,250;250,114,145;145,138,250;145,114,138
249,95,250;250,95,89;89,249,250;89,95,249
95,88,250;250,88,89;89,95,250;89,88,95
115,249,250;250,249,89;89,115,250;89,249,115
109,115,250;250,115,89;89,109,250;89,115,109
88,82,250;250,82,89;89,88,250;89,82,88
82,109,250;250,109,89;89,82,250;89,109,82
249,94,250;250,94,95;95,249,250;95,94,249
94,88,250;250,88,95;95,94,250;95,88,94
249,120,250;250,120,94;94,249,250;94,120,249
120,114,250;250,114,94;94,120,250;94,114,120
87,88,250;250,88,94;94,87,250;94,88,87
114,87,250;250,87,94;94,114,250;94,87,114
133,109,250;250,109,255;255,133,250;255,109,133
139,133,250;250,133,255;255,139,250;255,133,139
138,139,250;250,139,255;255,138,250;255,139,138
114,138,250;250,138,255;255,114,250;255,138,114
109,82,250;250,82,255;255,109,250;255,82,109
82,88,250;250,88,255;255,82,250;255,88,82
88,87,250;250,87,255;255,88,250;255,87,88
87,114,250;250,114,255;255,87,250;255,114,87
63,70,64;64,70,91;91,63,64;91,70,63
71,97,64;64,97,70;70,71,64;70,97,71
70,97,64;64,97,91;91,70,64;91,97,70
98,92,64;64,92,97;97,98,64;97,92,98
97,92,64;64,92,91;91,97,64;91,92,97
98,97,64;64,97,71;71,98,64;71,97,98
44,70,64;64,70,43;43,44,64;43,70,44
36,44,64;64,44,43;43,36,64;43,44,36
70,36,64;64,36,43;43,70,64;43,36,70
71,70,64;64,70,44;44,71,64;44,70,71
63,36,64;64,36,70;70,63,64;70,36,63
36,37,64;64,37,44;44,36,64;44,37,36
196,203,64;64,203,231;231,196,64;231,203,196
17,44,64;64,44,11;11,17,64;11,44,17
203,44,64;64,44,231;231,203,64;231,44,203
203,150,64;64,150,44;44,203,64;44,150,203
44,17,64;64,17,231;231,44,64;231,17,44
17,11,64;64,11,231;231,17,64;231,11,17
224,196,64;64,196,231;231,224,64;231,196,224
170,143,64;64,143,150;150,170,64;150,143,170
196,170,64;64,170,203;203,196,64;203,170,196
143,122,64;64,122,150;150,143,64;150,122,143
150,122,64;64,122,44;44,150,64;44,122,150
11,224,64;64,224,231;231,11,64;231,224,11
177,170,64;64,170,150;150,177,64;150,170,177
177,150,64;64,150,203;203,177,64;203,150,177
170,177,64;64,177,203;203,170,64;203,177,170
122,71,64;64,71,44;44,122,64;44,71,122
118,122,64;64,122,143;143,118,64;143,122,118
118,92,64;64,92,122;122,118,64;122,92,118
92,98,64;64,98,122;122,92,64;122,98,92
44,37,64;64,37,11;11,44,64;11,37,44
98,71,64;64,71,122;122,98,64;122,71,98
141,135,161;161,135,142;142,141,161;142,135,141
135,162,161;161,162,142;142,135,161;142,162,135
141,134,161;161,134,135;135,141,161;135,134,141
162,169,161;161,169,142;142,162,161;142,169,162
169,141,161;161,141,142;142,169,161;142,141,169
169,168,161;161,168,141;141,169,161;141,168,169
133,140,161;161,140,167;167,133,161;167,140,133
140,141,161;161,141,167;167,140,161;167,141,140
133,141,161;161,141,140;140,133,161;140,141,133
134,141,161;161,141,133;133,134,161;133,141,134
160,133,161;161,133,167;167,160,161;167,133,160
141,168,161;161,168,167;167,141,161;167,168,141
135,134,161;161,134,255;255,135,161;255,134,135
162,135,161;161,135,255;255,162,161;255,135,162
134,133,161;161,133,255;255,134,161;255,133,134
133,160,161;161,160,255;255,133,161;255,160,133
189,190,161;161,190,255;255,189,161;255,190,189
190,162,161;161,162,255;255,190,161;255,162,190
161,160,188;188,160,255;255,161,188;255,160,161
189,161,188;188,161,255;255,189,188;255,161,189
214,215,188;188,215,255;255,214,188;255,215,214
215,189,188;188,189,255;255,215,188;255,189,215
197,198,225;225,198,204;204,197,225;204,198,197
233,232,225;225,232,204;204,233,225;204,232,233
205,233,225;225,233,204;204,205,225;204,233,205
198,205,225;225,205,204;204,198,225;204,205,198
205,198,225;225,198,233;233,205,225;233,198,205
198,226,225;225,226,233;233,198,225;233,226,198
123,178,225;225,178,204;204,123,225;204,178,123
72,123,225;225,123,204;204,72,225;204,123,72
93,99,225;225,99,72;72,93,225;72,99,93
171,178,225;225,178,144;144,171,225;144,178,171
178,171,225;225,171,204;204,178,225;204,171,178
151,123,225;225,123,144;144,151,225;144,123,151
178,151,225;225,151,144;144,178,225;144,151,178
151,178,225;225,178,123;123,151,225;123,178,151
93,119,225;225,119,123;123,93,225;123,119,93
171,197,225;225,197,204;204,171,225;204,197,171
72,99,225;225,99,123;123,72,225;123,99,72
99,93,225;225,93,123;123,99,225;123,93,99
232,72,225;225,72,204;204,232,225;204,72,232
123,119,225;225,119,144;144,123,225;144,119,123
65,93,225;225,93,72;72,65,225;72,93,65
38,65,225;225,65,72;72,38,225;72,65,38
232,18,225;225,18,72;72,232,225;72,18,232
18,45,225;225,45,72;72,18,225;72,45,18
45,38,225;225,38,72;72,45,225;72,38,45
45,18,225;225,18,38;38,45,225;38,18,45
18,12,225;225,12,38;38,18,225;38,12,18
197,192,225;225,192,193;193,197,225;193,192,197
198,197,225;225,197,193;193,198,225;193,197,198
192,219,225;225,219,193;193,192,225;193,219,192
219,198,225;225,198,193;193,219,225;193,198,219
218,219,225;225,219,192;192,218,225;192,219,218
219,226,225;225,226,198;198,219,225;198,226,219
137,171,225;225,171,144;144,137,225;144,171,137
5,137,225;225,137,86;86,5,225;86,137,5
192,197,225;225,197,171;171,192,225;171,197,192
164,192,225;225,192,171;171,164,225;171,192,164
5,192,225;225,192,137;137,5,225;137,192,5
93,65,225;225,65,86;86,93,225;86,65,93
31,5,225;225,5,86;86,31,225;86,5,31
31,38,225;225,38,5;5,31,225;5,38,31
119,137,225;225,137,144;144,119,225;144,137,119
59,65,225;225,65,31;31,59,225;31,65,59
119,93,225;225,93,86;86,119,225;86,93,119
31,65,225;225,65,38;38,31,225;38,65,31
192,164,225;225,164,137;137,192,225;137,164,192
137,164,225;225,164,171;171,137,225;171,164,137
218,192,225;225,192,5;5,218,225;5,192,218
59,31,225;225,31,86;86,59,225;86,31,59
65,59,225;225,59,86;86,65,225;86,59,65
137,113,225;225,113,86;86,137,225;86,113,137
113,119,225;225,119,86;86,113,225;86,119,113
119,113,225;225,113,137;137,119,225;137,113,119
38,12,225;225,12,5;5,38,225;5,12,38
65,38,32;32,38,66;66,65,32;66,38,65
65,31,32;32,31,38;38,65,32;38,31,65
38,39,32;32,39,66;66,38,32;66,39,38
60,65,32;32,65,66;66,60,32;66,65,60
65,59,32;32,59,31;31,65,32;31,59,65
60,59,32;32,59,65;65,60,32;65,59,60
31,59,32;32,59,255;255,31,32;255,59,31
59,60,32;32,60,255;255,59,32;255,60,59
5,31,32;32,31,255;255,5,32;255,31,5
6,5,32;32,5,255;255,6,32;255,5,6
47,20,13;13,20,41;41,47,13;41,20,47
20,14,13;13,14,41;41,20,13;41,14,20
40,47,13;13,47,41;41,40,13;41,47,40
14,8,13;13,8,41;41,14,13;41,8,14
8,34,13;13,34,41;41,8,13;41,34,8
34,40,13;13,40,41;41,34,13;41,40,34
234,14,13;13,14,20;20,234,13;20,14,234
228,221,13;13,221,8;8,228,13;8,221,228
228,234,13;13,234,227;227,228,13;227,234,228
234,228,13;13,228,14;14,234,13;14,228,234
14,228,13;13,228,8;8,14,13;8,228,14
221,228,13;13,228,227;227,221,13;227,228,221
214,1,13;13,1,8;8,214,13;8,1,214
214,220,13;13,220,1;1,214,13;1,220,214
220,214,13;13,214,227;227,220,13;227,214,220
221,214,13;13,214,8;8,221,13;8,214,221
214,221,13;13,221,227;227,214,13;227,221,214
220,7,13;13,7,1;1,220,13;1,7,220
84,85,58;58,85,255;255,84,58;255,85,84
57,84,58;58,84,255;255,57,58;255,84,57
84,63,58;58,63,91;91,84,58;91,63,84
85,84,58;58,84,91;91,85,58;91,84,85
92,85,58;58,85,91;91,92,58;91,85,92
63,92,58;58,92,91;91,63,58;91,92,63
84,57,58;58,57,63;63,84,58;63,57,84
64,92,58;58,92,63;63,64,58;63,92,64
2,29,30;30,29,255;255,2,30;255,29,2
3,2,30;30,2,255;255,3,30;255,2,3
10,36,30;30,36,35;35,10,30;35,36,10
2,3,30;30,3,10;10,2,30;10,3,2
9,2,30;30,2,10;10,9,30;10,2,9
29,2,30;30,2,35;35,29,30;35,2,29
9,10,30;30,10,35;35,9,30;35,10,9
2,9,30;30,9,35;35,2,30;35,9,2
29,56,30;30,56,255;255,29,30;255,56,29
56,57,30;30,57,255;255,56,30;255,57,56
36,62,30;30,62,35;35,36,30;35,62,36
62,29,30;30,29,35;35,62,30;35,29,62
36,63,30;30,63,62;62,36,30;62,63,36
63,57,30;30,57,62;62,63,30;62,57,63
56,29,30;30,29,62;62,56,30;62,29,56
57,56,30;30,56,62;62,57,30;62,56,57
135,136,163;163,136,142;142,135,163;142,136,135
143,170,163;163,170,142;142,143,163;142,170,143
136,143,163;163,143,142;142,136,163;142,143,136
162,135,163;163,135,142;142,162,163;142,135,162
170,169,163;163,169,142;142,170,163;142,169,170
169,162,163;163,162,142;142,169,163;142,162,169
169,170,163;163,170,196;196,169,163;196,170,169
195,190,163;163,190,169;169,195,163;169,190,195
169,190,163;163,190,162;162,169,163;162,190,169
191,190,163;163,190,196;196,191,163;196,190,191
195,169,163;163,169,196;196,195,163;196,169,195
190,195,163;163,195,196;196,190,163;196,195,190
136,135,163;163,135,255;255,136,163;255,135,136
135,162,163;163,162,255;255,135,163;255,162,135
190,191,163;163,191,255;255,190,163;255,191,190
162,190,163;163,190,255;255,162,163;255,190,162
161,160,244;244,160,189;189,161,244;189,160,161
194,160,244;244,160,167;167,194,244;167,160,194
160,168,244;244,168,167;167,160,244;167,168,160
188,160,244;244,160,194;194,188,244;194,160,188
161,168,244;244,168,160;160,161,244;160,168,161
160,188,244;244,188,189;189,160,244;189,188,160
169,168,244;244,168,162;162,169,244;162,168,169
190,169,244;244,169,162;162,190,244;162,169,190
190,162,244;244,162,189;189,190,244;189,162,190
190,195,244;244,195,169;169,190,244;169,195,190
168,161,244;244,161,162;162,168,244;162,161,168
162,161,244;244,161,189;189,162,244;189,161,162
221,214,244;244,214,194;194,221,244;194,214,221
188,214,244;244,214,189;189,188,244;189,214,188
214,215,244;244,215,189;189,214,244;189,215,214
214,221,244;244,221,222;222,214,244;222,221,214
215,214,244;244,214,222;222,215,244;222,214,215
214,188,244;244,188,194;194,214,244;194,188,214
223,216,244;244,216,222;222,223,244;222,216,223
215,216,244;244,216,189;189,215,244;189,216,215
216,215,244;244,215,222;222,216,244;222,215,216
216,190,244;244,190,189;189,216,244;189,190,216
223,190,244;244,190,216;216,223,244;216,190,223
195,190,244;244,190,223;223,195,244;223,190,195
200,174,244;244,174,175;175,200,244;175,174,200
174,200,244;244,200,167;167,174,244;167,200,174
175,174,244;244,174,167;167,175,244;167,174,175
200,194,244;244,194,167;167,200,244;167,194,200
201,200,244;244,200,175;175,201,244;175,200,201
168,175,244;244,175,167;167,168,244;167,175,168
201,175,244;244,175,176;176,201,244;176,175,201
175,169,244;244,169,176;176,175,244;176,169,175
169,202,244;244,202,176;176,169,244;176,202,169
202,201,244;244,201,176;176,202,244;176,201,202
168,169,244;244,169,175;175,168,244;175,169,168
195,202,244;244,202,169;169,195,244;169,202,195
222,228,244;244,228,229;229,222,244;229,228,222
229,228,244;244,228,200;200,229,244;200,228,229
228,194,244;244,194,200;200,228,244;200,194,228
201,229,244;244,229,200;200,201,244;200,229,201
221,228,244;244,228,222;222,221,244;222,228,221
228,221,244;244,221,194;194,228,244;194,221,228
223,222,244;244,222,229;229,223,244;229,222,223
201,202,244;244,202,229;229,201,244;229,202,201
230,223,244;244,223,229;229,230,244;229,223,230
202,195,244;244,195,223;223,202,244;223,195,202
230,202,244;244,202,223;223,230,244;223,202,230
202,230,244;244,230,229;229,202,244;229,230,202
198,172,245;245,172,173;173,198,245;173,172,198
172,198,245;245,198,193;193,172,245;193,198,172
172,165,245;245,165,173;173,172,245;173,165,172
165,172,245;245,172,193;193,165,245;193,172,165
199,198,245;245,198,173;173,199,245;173,198,199
165,166,245;245,166,173;173,165,245;173,166,165
194,199,245;245,199,173;173,194,245;173,199,194
160,194,245;245,194,167;167,160,245;167,194,160
173,160,245;245,160,167;167,173,245;167,160,173
166,160,245;245,160,173;173,166,245;173,160,166
194,173,245;245,173,167;167,194,245;167,173,194
160,188,245;245,188,194;194,160,245;194,188,160
198,219,245;245,219,193;193,198,245;193,219,198
220,219,245;245,219,227;227,220,245;227,219,220
219,226,245;245,226,227;227,219,245;227,226,219
198,199,245;245,199,227;227,198,245;227,199,198
226,219,245;245,219,198;198,226,245;198,219,226
226,198,245;245,198,227;227,226,245;227,198,226
214,220,245;245,220,227;227,214,245;227,220,214
214,221,245;245,221,194;194,214,245;194,221,214
188,214,245;245,214,194;194,188,245;194,214,188
199,194,245;245,194,227;227,199,245;227,194,199
221,214,245;245,214,227;227,221,245;227,214,221
194,221,245;245,221,227;227,194,245;227,221,194
165,193,245;245,193,255;255,165,245;255,193,165
166,165,245;245,165,255;255,166,245;255,165,166
160,166,245;245,166,255;255,160,245;255,166,160
188,160,245;245,160,255;255,188,245;255,160,188
193,219,245;245,219,255;255,193,245;255,219,193
219,220,245;245,220,255;255,219,245;255,220,219
220,214,245;245,214,255;255,220,245;255,214,220
214,188,245;245,188,255;255,214,245;255,188,214
28,1,33;33,1,255;255,28,33;255,1,28
1,7,33;33,7,255;255,1,33;255,7,1
7,6,33;33,6,255;255,7,33;255,6,7
6,32,33;33,32,255;255,6,33;255,32,6
252,55,33;33,55,255;255,252,33;255,55,252
55,28,33;33,28,255;255,55,33;255,28,55
60,252,33;33,252,255;255,60,33;255,252,60
32,60,33;33,60,255;255,32,33;255,60,32
1,28,33;33,28,8;8,1,33;8,28,1
34,40,33;33,40,8;8,34,33;8,40,34
13,7,33;33,7,8;8,13,33;8,7,13
7,1,33;33,1,8;8,7,33;8,1,7
28,34,33;33,34,8;8,28,33;8,34,28
40,13,33;33,13,8;8,40,33;8,13,40
61,34,33;33,34,28;28,61,33;28,34,61
67,61,33;33,61,252;252,67,33;252,61,67
252,61,33;33,61,55;55,252,33;55,61,252
61,28,33;33,28,55;55,61,33;55,28,61
61,67,33;33,67,40;40,61,33;40,67,61
34,61,33;33,61,40;40,34,33;40,61,34
39,40,33;33,40,66;66,39,33;66,40,39
60,39,33;33,39,66;66,60,33;66,39,60
252,60,33;33,60,66;66,252,33;66,60,252
67,252,33;33,252,66;66,67,33;66,252,67
40,67,33;33,67,66;66,40,33;66,67,40
60,32,33;33,32,39;39,60,33;39,32,60
39,38,254;254,38,46;46,39,254;46,38,39
18,19,254;254,19,46;46,18,254;46,19,18
12,18,254;254,18,38;38,12,254;38,18,12
18,45,254;254,45,38;38,18,254;38,45,18
45,18,254;254,18,46;46,45,254;46,18,45
38,45,254;254,45,46;46,38,254;46,45,38
19,20,254;254,20,46;46,19,254;46,20,19
20,40,254;254,40,47;47,20,254;47,40,20
47,40,254;254,40,46;46,47,254;46,40,47
40,39,254;254,39,46;46,40,254;46,39,40
20,47,254;254,47,46;46,20,254;46,47,20
13,40,254;254,40,20;20,13,254;20,40,13
19,232,254;254,232,233;233,19,254;233,232,19
232,226,254;254,226,233;233,232,254;233,226,232
18,232,254;254,232,19;19,18,254;19,232,18
18,12,254;254,12,232;232,18,254;232,12,18
225,226,254;254,226,232;232,225,254;232,226,225
12,225,254;254,225,232;232,12,254;232,225,12
20,19,254;254,19,233;233,20,254;233,19,20
234,20,254;254,20,233;233,234,254;233,20,234
234,233,254;254,233,227;227,234,254;227,233,234
20,234,254;254,234,227;227,20,254;227,234,20
233,226,254;254,226,227;227,233,254;227,226,233
13,20,254;254,20,227;227,13,254;227,20,13
38,31,254;254,31,5;5,38,254;5,31,38
39,31,254;254,31,38;38,39,254;38,31,39
32,6,254;254,6,31;31,32,254;31,6,32
12,38,254;254,38,5;5,12,254;5,38,12
31,6,254;254,6,5;5,31,254;5,6,31
39,32,254;254,32,31;31,39,254;31,32,39
6,32,254;254,32,7;7,6,254;7,32,6
13,7,254;254,7,40;40,13,254;40,7,13
32,39,254;254,39,40;40,32,254;40,39,32
33,32,254;254,32,40;40,33,254;40,32,33
32,33,254;254,33,7;7,32,254;7,33,32
7,33,254;254,33,40;40,7,254;40,33,7
226,218,254;254,218,219;219,226,254;219,218,226
218,12,254;254,12,5;5,218,254;5,12,218
219,218,254;254,218,5;5,219,254;5,218,219
225,12,254;254,12,218;218,225,254;218,12,225
6,219,254;254,219,5;5,6,254;5,219,6
226,225,254;254,225,218;218,226,254;218,225,226
226,219,254;254,219,227;227,226,254;227,219,226
220,7,254;254,7,227;227,220,254;227,7,220
7,13,254;254,13,227;227,7,254;227,13,7
219,7,254;254,7,220;220,219,254;220,7,219
219,220,254;254,220,227;227,219,254;227,220,219
6,7,254;254,7,219;219,6,254;219,7,6
196,143,253;253,143,11;11,196,253;11,143,196
170,143,253;253,143,196;196,170,253;196,143,170
143,170,253;253,170,136;136,143,253;136,170,143
217,224,253;253,224,11;11,217,253;11,224,217
224,196,253;253,196,11;11,224,253;11,196,224
92,112,253;253,112,85;85,92,253;85,112,92
224,217,253;253,217,196;196,224,253;196,217,224
191,163,253;253,163,170;170,191,253;170,163,191
112,143,253;253,143,136;136,112,253;136,143,112
143,92,253;253,92,11;11,143,253;11,92,143
92,118,253;253,118,112;112,92,253;112,118,92
118,92,253;253,92,143;143,118,253;143,92,118
112,118,253;253,118,143;143,112,253;143,118,112
92,37,253;253,37,11;11,92,253;11,37,92
4,217,253;253,217,11;11,4,253;11,217,4
217,191,253;253,191,196;196,217,253;196,191,217
191,170,253;253,170,196;196,191,253;196,170,191
64,37,253;253,37,92;92,64,253;92,37,64
64,92,253;253,92,85;85,64,253;85,92,64
58,64,253;253,64,85;85,58,253;85,64,58
170,163,253;253,163,136;136,170,253;136,163,170
36,10,253;253,10,11;11,36,253;11,10,36
36,3,253;253,3,10;10,36,253;10,3,36
10,3,253;253,3,11;11,10,253;11,3,10
37,36,253;253,36,11;11,37,253;11,36,37
3,4,253;253,4,11;11,3,253;11,4,3
36,30,253;253,30,3;3,36,253;3,30,36
63,57,253;253,57,36;36,63,253;36,57,63
37,63,253;253,63,36;36,37,253;36,63,37
64,57,253;253,57,63;63,64,253;63,57,64
64,58,253;253,58,57;57,64,253;57,58,64
37,64,253;253,64,63;63,37,253;63,64,37
57,30,253;253,30,36;36,57,253;36,30,57
112,136,253;253,136,255;255,112,253;255,136,112
85,112,253;253,112,255;255,85,253;255,112,85
191,217,253;253,217,255;255,191,253;255,217,191
217,4,253;253,4,255;255,217,253;255,4,217
58,85,253;253,85,255;255,58,253;255,85,58
163,191,253;253,191,255;255,163,253;255,191,163
136,163,253;253,163,255;255,136,253;255,163,136
4,3,253;253,3,255;255,4,253;255,3,4
3,30,253;253,30,255;255,3,253;255,30,3
57,58,253;253,58,255;255,57,253;255,58,57
30,57,253;253,57,255;255,30,253;255,57,30
