0
0
0
0
0
0
0
0
0
0
0
0
0
0
0
0
0
0
0
0
0
0
0
0
0
0
0
0
0
0
0
0
0
0
0
0
0
0
0
0
0
0
0
0
0
0
0
0
0
0
0
0
0
0
0
0
0
0
0
0
0
0
0
0
0
0
0
0
0
0
0
0
0
0
0
0
0
0
0
0
0
0
0
0
0
0
0
0
0
0
0
0
0
0
0
0
0
0
0
0
0
0
0
0
0
0
0
0
0
0
0
0
0
0
0
0
0.248141
0.481674
0.62195
0.391601
0.174569
0.0397758
-0.0397758
-0.174569
-0.391601
-0.248141
0
-0.776367
-0.831139
-0.0782089
-0.255722
-0.594535
-0.247276
0.247276
0.594535
0.255722
-0.311115
0.0782089
0.831139
0.776367
0
0.20741
-0.00398966
-0.0675699
0.280963
-0.489232
0.174458
0.532702
-0.532702
-0.174458
0.489232
-0.280963
0.0675699
0.00398966
-0.20741
0
0.339267
-0.0211232
0.0217718
0.268126
-0.124128
0.471367
-0.621955
0.621955
-0.471367
0.124128
-0.268126
-0.0217718
0.0211232
-0.339267
0
-0.00165368
-0.562213
0.76814
0.0370642
-0.252142
-0.122029
0.39039
-0.39039
0.122029
0.252142
-0.0370642
-0.76814
0.562213
0.00165368
0
0.0189073
-0.0199565
-0.0550913
-0.684756
-0.117881
-0.133123
-0.0582879
0.0582879
0.133123
0.117881
0.684756
0.0550913
0.0199565
-0.0189073
0
0.277873
-0.0932889
0.326541
-0.102132
-0.0980703
-0.224039
-0.00790322
0.00790322
0.224039
0.0980703
0.102132
0.0932889
-0.277873
0
-0.867555
0.0703267
0.105354
-0.0907421
-0.471596
0.100821
-0.310387
0.310387
-0.100821
0.471596
0.0907421
-0.105354
-0.0703267
0.867555
0
0.991591
0.89154
0.584813
-0.0587972
-0.258551
-0.584813
-0.89154
-0.991591
-0.819926
-0.45221
0
0.309379
0.136859
-0.00126493
-0.0899356
-0.676846
-0.922362
-0.366281
0.366281
0.922362
0.676846
0.0899356
0.00126493
-0.136859
-0.309379
0
0.222987
-0.00796038
-0.925696
-0.284404
-0.00720105
0.598193
0.79775
-0.598193
0.00720105
0.284404
0.925696
0.00796038
-0.222987
0
0.693638
-0.437799
0.0097647
0.44136
0.225969
-0.00647832
-0.969945
0.969945
0.00647832
-0.225969
-0.44136
-0.0097647
0.437799
-0.693638
0
-0.0265643
0.800758
-0.0592422
-0.492403
0.0348495
0.705991
-0.705991
-0.0348495
0.492403
0.0592422
-0.800758
0.0265643
0.0764871
0
-0.0434847
0.0204889
-0.0311353
-0.566892
-0.0469936
0.405366
-0.258279
0.258279
-0.405366
0.566892
0.0311353
-0.0204889
0
-0.0832426
-0.26534
-0.629853
-0.129818
-0.228196
-0.634571
0.00475578
-0.00475578
0.634571
0.129818
0.629853
0.26534
0.0832426
0
0.193254
0.487145
0.0679982
0.119958
-0.191829
0.0365585
-0.002943
0.002943
-0.0365585
0.191829
-0.119958
-0.0679982
-0.487145
-0.193254
0
0.317101
0.59992
0.756403
0.69949
0.465508
0.206931
0.0471182
-0.465508
-0.59992
-0.317101
0
-0.587268
-0.653412
-0.0633159
0.222294
-0.383753
-0.71613
-0.293124
0.293124
0.71613
0.383753
-0.222294
0.0633159
0.653412
0.587268
0
-0.365356
0.00184879
0.0122196
0.196958
-0.396021
0.29871
0.633846
-0.633846
-0.29871
-0.196958
-0.0122196
-0.00184879
0.365356
0
0.189645
0.279838
0.131838
-0.198762
-0.082428
0.37381
-0.750536
0.750536
-0.37381
0.082428
0.198762
-0.131838
-0.279838
-0.189645
0
-0.464295
0.653316
0.178398
0.123368
-0.0939793
0.49746
-0.49746
0.0939793
-0.123368
-0.178398
0.464295
-0.0576393
0
-0.0573096
0.0122057
0.0125563
-0.590142
-0.693388
-0.0864141
-0.11552
0.11552
0.0864141
0.693388
0.590142
-0.0125563
-0.0122057
0.0573096
0
0.451846
-0.179952
-0.703316
0.0703985
-0.0414337
0.0373577
-0.0049734
0.0049734
-0.0373577
0.0414337
-0.0703985
0.703316
0.179952
-0.451846
0
0.0757832
-0.18757
0.200393
0.0926228
-0.396775
-0.540505
-0.248559
0.248559
0.540505
0.396775
-0.0926228
-0.200393
0.18757
-0.0757832
0
0.0554988
0.11598
0.159268
0.155199
0.105941
0.0475379
0.0108475
-0.0108475
-0.0475379
-0.105941
-0.11598
-0.0554988
0
-0.332027
-0.366064
-0.0352117
0.158765
-0.0275473
-0.155894
-0.0673271
0.0673271
0.155894
0.0275473
-0.158765
0.0352117
0.366064
0.332027
0
0.664928
-0.00895153
-0.303624
0.102688
-0.220138
-0.000201731
0.143794
-0.143794
0.000201731
0.220138
-0.102688
0.303624
0.00895153
-0.664928
0
-0.681029
0.449354
-0.0409051
0.651267
-0.0296415
0.219715
-0.162364
0.162364
-0.219715
0.0296415
-0.651267
0.0409051
-0.449354
0.681029
0
-0.0610363
-0.787297
0.0565921
-0.569676
-0.05303
0.0881149
-0.0881149
0.05303
0.569676
-0.0565921
0.787297
0.0610363
-0.317815
0
0.0294977
0.0143328
0.218479
0.563875
0.202022
0.000414807
0.00822402
-0.00822402
-0.000414807
-0.202022
-0.563875
-0.218479
-0.0143328
-0.0294977
0
0.0325278
-0.802512
0.21007
0.681783
0.225083
-0.478429
-0.00439108
0.00439108
0.478429
-0.225083
-0.681783
-0.21007
0.802512
-0.0325278
0
-0.410083
0.793133
0.203415
0.0346179
0.188591
0.602927
-0.143012
0.143012
-0.602927
-0.188591
-0.0346179
-0.203415
-0.793133
0.410083
0
-0.357752
-0.473485
-0.451417
-0.304956
-0.0310789
0.0310789
0.136322
0.304956
0.451417
0.473485
0.357752
0.179177
0
0.778048
0.834553
0.0786258
-0.333838
0.148657
0.457023
0.193077
-0.193077
-0.457023
-0.148657
0.333838
-0.0786258
-0.834553
-0.778048
0
-0.797727
0.010811
0.290199
-0.272583
0.49178
-0.0783315
-0.414455
0.414455
0.0783315
-0.49178
0.272583
-0.010811
0.797727
0
0.129024
-0.10502
0.0610912
-0.787216
0.109897
-0.481305
0.477238
-0.477238
0.481305
-0.109897
0.787216
-0.0610912
0.10502
-0.129024
0
0.0898915
0.0965972
0.013894
0.0103325
0.6883
0.122497
-0.28283
0.28283
-0.122497
-0.6883
-0.0103325
-0.013894
-0.0965972
-0.0898915
0
-0.0108368
0.021187
0.0867024
0.038292
-0.309962
0.094279
0.016282
-0.016282
-0.094279
0.309962
-0.038292
-0.0867024
-0.021187
0.0108368
0
0.332014
-0.857865
-0.282969
0.235763
-0.0466031
0.568535
0.00891033
-0.00891033
-0.568535
0.0466031
-0.235763
0.282969
0.857865
-0.332014
0
-0.321282
0.357399
0.311883
0.0962926
0.0781109
-0.718407
0.315069
-0.315069
0.718407
-0.0781109
-0.0962926
-0.311883
-0.357399
0.321282
0
-0.426561
-0.779069
-0.94917
-0.857788
-0.56418
-0.249675
-0.0567936
0.0567936
0.249675
0.56418
0.94917
0.426561
0
-0.0867177
0.0548515
0.0159378
0.019109
0.617711
0.885741
0.35371
-0.35371
-0.885741
-0.617711
-0.019109
-0.0159378
-0.0548515
0.0867177
0
0.168244
0.00287431
0.601338
0.158653
0.099237
-0.536733
-0.769339
0.769339
0.536733
-0.099237
-0.158653
-0.601338
-0.00287431
-0.168244
0
-0.131324
-0.136107
-0.141314
-0.0818184
0.930855
-0.930855
0.0818184
0.141314
0.0782483
0.102749
0.136107
0.131324
0
0.416013
-0.544372
-0.166485
-0.119242
0.169915
-0.0032253
-0.666482
0.666482
0.0032253
-0.169915
0.119242
0.166485
0.544372
-0.416013
0
-0.00812998
0.00269803
0.236762
0.0626715
0.538899
-0.2639
0.228716
-0.228716
0.2639
-0.538899
-0.0626715
-0.236762
-0.00269803
0.00812998
0
-0.322189
0.846295
-0.0410963
0.803746
0.0355325
0.334552
0.00257976
-0.334552
-0.0355325
-0.803746
0.0410963
-0.846295
0.322189
0
-0.38085
-0.129922
-0.306927
0.00132029
-0.150654
0.390466
0.0602698
-0.0602698
-0.390466
0.150654
-0.00132029
0.306927
0.129922
0.38085
0
-0.70267
-0.868387
-0.792448
-0.523832
-0.232267
-0.052857
0.523832
0.868387
0.70267
0.379207
0
0.25995
0.358516
0.0396136
-0.0983135
0.512623
0.815306
0.329023
-0.329023
-0.815306
-0.512623
0.0983135
-0.0396136
-0.358516
-0.25995
0
0.502259
-0.00211963
-0.0304006
0.247563
-0.428619
-0.713862
0.713862
0.428619
-0.247563
0.0304006
-0.195893
0.00211963
-0.502259
0
0.120979
-0.49934
-0.171942
0.260989
-0.0183565
-0.22608
0.855835
-0.855835
0.22608
0.0183565
-0.260989
0.171942
0.49934
-0.120979
0
0.288333
-0.327056
-0.0740656
-0.244464
-0.144994
0.0464604
-0.59348
0.59348
-0.0464604
0.144994
0.244464
0.327056
-0.288333
0
0.0556507
-0.0106551
0.163933
0.0530535
0.904206
-0.0647361
0.176942
-0.176942
0.0647361
-0.904206
-0.0530535
-0.163933
0.0106551
-0.0556507
0
0.0930717
-0.0326378
0.558361
-0.057686
0.0132614
0.00106181
-0.00106181
-0.0132614
0.057686
-0.558361
-0.691667
0.0326378
-0.0930717
0
0.418124
-0.808606
-0.0109862
-0.0904403
-0.0650135
0.731365
0.153574
-0.153574
-0.731365
0.0650135
0.0904403
0.0109862
0.808606
-0.418124
0
-0.114618
-0.23493
-0.317821
-0.306956
-0.208671
-0.0934914
-0.0213263
0.0213263
0.0934914
0.208671
0.306956
0.317821
0.23493
0.114618
0
0.611412
0.66504
0.0633315
-0.279517
0.0730833
0.309304
0.132412
-0.132412
-0.309304
-0.0730833
0.279517
-0.0633315
-0.66504
-0.611412
0
-0.991073
0.0132173
0.416423
-0.200725
0.396003
-0.0210533
-0.283374
0.283374
0.0210533
-0.396003
0.200725
-0.416423
-0.0132173
0.991073
0
0.710447
-0.44531
0.07308
-0.964858
0.0689847
-0.392191
0.322491
-0.322491
0.392191
-0.0689847
0.964858
-0.07308
0.44531
-0.710447
0
-0.173153
-0.05206
0.819076
-0.0363111
0.841513
0.0969809
-0.181476
0.181476
-0.0969809
-0.841513
0.0363111
-0.819076
0.05206
0.173153
-0.00245768
-0.00636308
-0.119215
-0.589388
-0.367421
0.0326955
-0.00538446
0.00538446
-0.0326955
0.367421
0.589388
0.119215
0.00636308
0
0.0541592
-0.107859
-0.00363353
-0.373095
-0.23453
0.700079
0.00764056
-0.00764056
-0.700079
0.23453
0.373095
0.00363353
0.107859
-0.0541592
0
-0.474369
0.425243
0.0568276
-0.0180757
-0.220877
-0.908599
0.255842
-0.255842
0.908599
0.220877
0.0180757
-0.0568276
-0.425243
0.474369
0
0.114618
0.317821
0.306956
0.208671
0.0934914
0.0213263
-0.0213263
-0.0934914
-0.208671
-0.306956
-0.317821
-0.23493
-0.114618
0
-0.611412
-0.66504
-0.0633315
0.279517
-0.0730833
-0.309304
-0.132412
0.132412
0.309304
0.0730833
-0.279517
0.0633315
0.66504
0
0.991073
-0.0132173
-0.416423
0.200725
-0.396003
0.0210533
0.283374
-0.283374
-0.0210533
0.396003
-0.200725
0.416423
0.0132173
-0.991073
0
-0.710447
0.964858
-0.0689847
0.392191
-0.322491
0.322491
-0.392191
0.0689847
-0.964858
0.07308
-0.44531
0.710447
0.173153
0.05206
-0.819076
0.0363111
-0.841513
-0.0969809
0.181476
0.0969809
0.841513
-0.0363111
0.819076
-0.05206
-0.173153
0.00245768
0.00636308
0.119215
0.589388
0.367421
-0.0326955
0.00538446
-0.00538446
0.0326955
-0.367421
-0.589388
-0.119215
-0.00636308
-0.00245768
0
-0.0541592
0.107859
0.00363353
0.373095
0.23453
-0.700079
0.00764056
0.700079
-0.373095
-0.00363353
-0.107859
0.0541592
0
0.474369
-0.425243
-0.0568276
0.0180757
0.220877
0.908599
-0.255842
0.255842
-0.908599
-0.220877
-0.0180757
0.0568276
0.425243
-0.474369
0
0.379207
0.868387
0.792448
0.523832
0.232267
0.052857
-0.052857
-0.232267
-0.523832
-0.868387
-0.70267
-0.379207
0
-0.25995
-0.358516
-0.0396136
0.0983135
-0.512623
-0.815306
-0.329023
0.329023
0.815306
0.512623
-0.0983135
0.0396136
0.358516
0.25995
0
-0.502259
0.00211963
-0.195893
0.0304006
-0.247563
0.428619
0.713862
-0.713862
-0.428619
0.247563
-0.0304006
0.195893
-0.00211963
0.502259
0
-0.120979
0.49934
0.171942
-0.260989
0.0183565
0.22608
-0.855835
0.855835
-0.22608
-0.0183565
0.260989
-0.171942
-0.49934
0.120979
0
-0.288333
0.327056
0.0740656
0.244464
0.144994
-0.0464604
0.59348
-0.59348
0.0464604
-0.144994
-0.244464
-0.0740656
-0.327056
0.288333
0
-0.0556507
0.0106551
-0.163933
-0.0530535
-0.904206
0.0647361
-0.176942
0.176942
-0.0647361
0.904206
0.0530535
0.163933
-0.0106551
0.0556507
0
-0.0930717
0.0326378
-0.691667
-0.558361
0.057686
-0.0132614
-0.00106181
0.00106181
0.0132614
-0.057686
0.558361
0.691667
-0.0326378
0.0930717
0
-0.418124
0.808606
0.0109862
0.0904403
0.0650135
-0.731365
-0.153574
0.153574
0.731365
-0.0650135
-0.0904403
-0.0109862
-0.808606
0.418124
0.426561
0.779069
0.94917
0.857788
0.56418
0.249675
0.0567936
-0.0567936
-0.249675
-0.56418
-0.857788
-0.94917
-0.779069
0
0.0867177
-0.0548515
-0.0159378
-0.019109
-0.617711
-0.885741
-0.35371
0.35371
0.885741
0.617711
0.019109
0.0159378
0.0548515
-0.0867177
0
-0.168244
-0.00287431
-0.601338
-0.158653
-0.099237
0.536733
0.769339
-0.769339
-0.536733
0.099237
0.158653
0.601338
0.00287431
0.168244
0
0.131324
0.136107
0.102749
0.0782483
0.141314
0.0818184
-0.930855
0.930855
-0.0818184
-0.141314
-0.0782483
-0.102749
-0.136107
-0.131324
0
0.544372
0.166485
0.119242
-0.169915
0.0032253
0.666482
-0.666482
-0.0032253
0.169915
-0.119242
-0.166485
-0.544372
0.416013
0
-0.00269803
-0.236762
-0.0626715
-0.538899
0.2639
-0.228716
0.228716
-0.2639
0.538899
0.0626715
0.236762
0.00269803
-0.00812998
0
0.322189
-0.846295
0.0410963
-0.803746
-0.334552
0.00257976
-0.00257976
0.334552
0.0355325
0.803746
-0.0410963
0.846295
-0.322189
0
0.38085
0.129922
0.306927
-0.00132029
0.150654
-0.390466
-0.0602698
0.0602698
0.390466
-0.150654
0.00132029
-0.306927
-0.129922
-0.38085
0
0.179177
0.357752
0.451417
0.304956
0.136322
0.0310789
-0.0310789
-0.136322
-0.304956
-0.451417
-0.473485
-0.357752
-0.179177
0
-0.778048
-0.834553
-0.0786258
0.333838
-0.148657
-0.457023
-0.193077
0.193077
0.457023
0.148657
-0.333838
0.0786258
0.834553
0.778048
0
0.797727
-0.010811
-0.290199
0.272583
-0.49178
0.0783315
0.414455
-0.414455
-0.0783315
0.49178
-0.272583
0.290199
0.010811
-0.797727
0
-0.129024
0.10502
-0.0610912
0.787216
-0.109897
0.481305
-0.477238
0.477238
-0.481305
0.109897
-0.787216
0.0610912
-0.10502
0.129024
0
-0.0898915
-0.0965972
-0.013894
-0.0103325
-0.6883
-0.122497
0.28283
-0.28283
0.122497
0.6883
0.0103325
0.013894
0.0965972
0.0898915
0
0.0108368
-0.021187
-0.0867024
-0.038292
0.309962
-0.094279
-0.016282
0.016282
0.094279
-0.309962
0.038292
0.0867024
0.021187
-0.0108368
0
-0.332014
0.857865
0.282969
-0.235763
0.0466031
-0.568535
-0.00891033
0.00891033
0.568535
-0.0466031
0.235763
-0.282969
-0.857865
0
0.321282
-0.357399
-0.311883
-0.0962926
-0.0781109
0.718407
-0.315069
0.315069
-0.718407
0.0781109
0.0962926
0.311883
0.357399
-0.321282
0
-0.0554988
-0.11598
-0.159268
-0.155199
-0.105941
-0.0475379
-0.0108475
0.0475379
0.105941
0.155199
0.159268
0.11598
0.0554988
0.366064
0.0352117
-0.158765
0.0275473
0.155894
0.0673271
-0.0673271
-0.155894
-0.0275473
0.158765
-0.0352117
-0.332027
0
-0.664928
0.00895153
0.303624
-0.102688
0.000201731
-0.143794
0.143794
-0.000201731
-0.220138
0.102688
-0.303624
-0.00895153
0.664928
0
0.681029
-0.449354
0.0409051
-0.651267
0.0296415
-0.219715
0.162364
-0.162364
0.219715
-0.0296415
0.651267
-0.0409051
0.449354
-0.681029
0
-0.317815
0.0610363
0.787297
-0.0565921
0.569676
0.05303
-0.0881149
0.0881149
-0.05303
-0.569676
0.0565921
-0.787297
-0.0610363
0.317815
0
-0.0294977
-0.0143328
-0.218479
-0.563875
-0.202022
-0.000414807
-0.00822402
0.00822402
0.000414807
0.202022
0.563875
0.218479
0.0143328
0.0294977
0
-0.0325278
0.802512
-0.21007
-0.681783
-0.225083
0.478429
0.00439108
-0.00439108
-0.478429
0.225083
0.681783
0.21007
-0.802512
0.0325278
0
0.410083
-0.793133
-0.203415
-0.0346179
-0.188591
-0.602927
0.143012
-0.143012
0.602927
0.188591
0.0346179
0.203415
0.793133
-0.410083
0
-0.317101
-0.59992
-0.756403
-0.69949
-0.465508
-0.206931
-0.0471182
0.0471182
0.206931
0.465508
0.69949
0.317101
0
0.587268
0.653412
0.0633159
-0.222294
0.383753
0.71613
0.293124
-0.293124
-0.71613
-0.383753
0.222294
-0.587268
0
0.365356
-0.00184879
-0.0122196
-0.196958
0.396021
-0.29871
-0.633846
0.633846
0.29871
-0.396021
0.196958
-0.365356
0
-0.189645
-0.279838
-0.131838
0.198762
0.082428
-0.37381
0.750536
-0.750536
0.37381
-0.082428
-0.198762
0.131838
0.279838
0.189645
0
-0.0576393
0.464295
-0.653316
-0.178398
-0.123368
0.0939793
-0.49746
0.49746
-0.0939793
0.123368
0.178398
0.653316
-0.464295
0.0576393
0
0.0573096
-0.0125563
0.590142
0.693388
0.0864141
0.11552
-0.11552
0.0125563
0.0122057
-0.0573096
0
-0.451846
0.703316
-0.0703985
0.0414337
-0.0373577
0.0049734
-0.0049734
-0.0414337
0.0703985
-0.703316
-0.179952
0.451846
0
-0.0757832
0.18757
-0.200393
-0.0926228
0.396775
0.540505
0.248559
-0.248559
-0.540505
-0.396775
0.0926228
0.200393
-0.18757
0.0757832
0
-0.45221
-0.819926
-0.991591
-0.89154
-0.584813
-0.258551
-0.0587972
0.0587972
0.258551
0.584813
0.89154
0.819926
0.45221
0
-0.309379
-0.136859
0.00126493
0.0899356
0.922362
0.366281
-0.366281
-0.922362
-0.676846
-0.0899356
-0.00126493
0.136859
0.309379
0
-0.222987
0.00796038
0.925696
0.284404
0.00720105
-0.598193
-0.79775
0.79775
0.598193
-0.00720105
-0.284404
-0.925696
-0.00796038
0.222987
0
-0.693638
0.437799
-0.0097647
-0.44136
-0.225969
0.00647832
0.969945
-0.969945
-0.00647832
0.225969
0.44136
0.0097647
-0.437799
0.693638
0
0.0764871
0.0265643
-0.800758
0.0592422
0.492403
-0.0348495
-0.705991
0.705991
0.0348495
-0.492403
-0.0592422
0.800758
-0.0265643
-0.0764871
0
0.0434847
-0.0204889
0.0311353
0.566892
0.0469936
-0.405366
0.258279
-0.258279
0.405366
-0.0469936
-0.566892
-0.0311353
0.0204889
0
0.0832426
0.26534
0.629853
0.129818
0.228196
0.634571
-0.00475578
0.00475578
-0.634571
-0.228196
-0.129818
-0.629853
-0.26534
-0.0832426
0
-0.193254
-0.487145
-0.0679982
-0.119958
0.191829
-0.0365585
0.002943
-0.002943
0.0365585
-0.191829
0.119958
0.0679982
0.487145
0.193254
0
-0.248141
-0.62195
-0.583994
-0.391601
-0.174569
-0.0397758
0.0397758
0.174569
0.481674
0.248141
0
0.776367
0.831139
0.0782089
-0.311115
0.255722
0.594535
0.247276
-0.247276
-0.594535
-0.255722
0.311115
-0.0782089
-0.831139
-0.776367
0
-0.20741
0.00398966
0.0675699
-0.280963
0.489232
-0.174458
-0.532702
0.532702
0.174458
-0.489232
0.280963
-0.0675699
-0.00398966
0.20741
0
-0.339267
0.0211232
-0.0217718
-0.268126
0.124128
-0.471367
0.621955
-0.621955
0.471367
-0.124128
0.268126
0.0217718
-0.0211232
0
0.00165368
0.562213
-0.76814
-0.0370642
0.252142
0.122029
-0.39039
0.39039
-0.122029
-0.252142
0.0370642
0.76814
-0.562213
-0.00165368
0
-0.0189073
0.0199565
0.0550913
0.684756
0.117881
0.133123
0.0582879
-0.0582879
-0.133123
-0.117881
-0.684756
-0.0550913
-0.0199565
0.0189073
0
-0.277873
0.0932889
-0.326541
0.102132
0.0980703
0.224039
0.00790322
-0.00790322
-0.224039
-0.102132
0.326541
-0.0932889
0.277873
0
0.867555
-0.0703267
-0.105354
0.0907421
0.471596
-0.100821
0.310387
-0.310387
0.100821
-0.471596
-0.0907421
0.105354
0.0703267
-0.867555
0
0
-0.533893
-0.131617
0.36682
0.432812
0.271946
-0.209081
0.0230782
0.411154
0.76205
0.260747
0.618347
1.07308
0.915916
0.143416
0.302065
-0.0836023
-0.0648237
-0.357416
0.162772
0.451375
0.505372
0.026701
-0.26957
0.11364
0.0451132
0.0221577
-0.166942
0.501183
-0.0670198
0.116714
0.205518
-0.277087
0.0612084
-0.639514
0.436006
-0.575226
0.0929538
-0.0215909
0.114882
-0.123241
-0.179473
-0.106084
0.0809653
0.180401
0.158948
0.106632
-0.45665
-0.787456
0.220348
0.719831
0.0544719
0.0387748
-0.172874
-0.0312682
0.0762417
-0.0754081
0.763803
0.805799
0.092476
-0.114765
-0.0590835
-0.0612148
0.0206503
-0.0449814
0.757223
-0.107671
0.240573
-0.609529
-0.497063
-0.0657479
-0.0342045
-0.167966
0.206752
-0.000663253
0.610205
-0.163525
0.0437582
0.0711982
0.663012
0.274296
-0.107904
0.216382
-0.150361
-0.332698
-0.382806
0.573815
-0.00894858
-0.0500001
-0.0438298
0.02127
0.0570301
0.00598803
