0
0
0
0
0
0
0
0
0
0
0
0
0
0
0
0
0
0
0
0
0
0
0
0
0
0
0
0
0.0720947
-0.0662382
0.9105
0.0662382
-0.0720947
0
-0.21317
0.307349
0.023174
-0.023174
-0.307349
0.21317
0
0.00802537
-0.346821
0.356453
-0.356453
0.346821
-0.00802537
0
0.0575823
0.051656
-0.124161
0.124161
-0.051656
-0.0575823
0
-0.637167
0.268958
-0.292479
0.292479
-0.268958
0
0.470389
0.953873
0.376621
-0.376621
-0.953873
-0.470389
0
0.00874573
0.622979
-0.0271267
0.0271267
-0.622979
-0.00874573
0
-0.292327
0.0257793
0.897141
-0.897141
-0.0257793
0.292327
0
0.463972
-0.141034
0.785144
-0.785144
0.141034
-0.463972
0
-0.479554
0.294467
-0.277813
0.277813
-0.294467
0.479554
0
0.214433
-0.00474151
0.00474151
-0.214433
0.0163248
0
-0.538715
-0.122748
0.734976
-0.734976
0.122748
0.538715
0
0.847771
-0.322646
0.56513
-0.56513
0.322646
0
0.0345571
-0.394791
-0.481968
0.481968
0.394791
0.588409
0.130006
-0.130006
-0.588409
-0.0246005
0
-0.125432
0.114865
-0.258383
0.258383
-0.114865
0.125432
0
-0.847771
0.322646
-0.56513
0.56513
-0.322646
0.847771
0
-0.0345571
0.394791
0.481968
-0.481968
-0.394791
0.0345571
0
-0.0246005
-0.588409
-0.130006
0.130006
0.588409
0
0.125432
-0.114865
0.258383
-0.258383
0.114865
-0.125432
0
-0.463972
0.141034
-0.785144
0.785144
-0.141034
0.463972
0
0.479554
-0.294467
0.277813
-0.277813
0.294467
-0.479554
0
0.0163248
-0.214433
0.00474151
-0.00474151
0.214433
-0.0163248
0
0.538715
0.122748
-0.734976
0.734976
-0.122748
-0.538715
0
0.637167
-0.268958
0.292479
-0.292479
0.268958
0
-0.953873
-0.376621
0.376621
0.953873
0.470389
0
-0.00874573
-0.622979
0.0271267
-0.0271267
0.622979
0.00874573
0
0.292327
-0.0257793
-0.897141
0.897141
0.0257793
-0.292327
0
-0.0720947
0.0662382
0.9105
-0.9105
-0.0662382
0.0720947
0
0.21317
-0.307349
-0.023174
0.023174
0.307349
-0.21317
0
-0.00802537
0.346821
-0.356453
0.356453
-0.346821
0.00802537
0
-0.0575823
-0.051656
0.124161
-0.124161
0.051656
0.0575823
0
0
-0.749651
-0.578234
0.87134
1.72182
3.59785
-1.09859
-0.830805
2.47743
-0.616305
-0.49217
0.58716
0.146844
