1,66,71,6;1,66,67,2;66,71,72,67;71,6,7,72;6,1,2,7;2,67,72,7
2,67,72,7;2,67,68,3;67,72,73,68;72,7,8,73;7,2,3,8;3,68,73,8
3,68,73,8;3,68,69,4;68,73,74,69;73,8,9,74;8,3,4,9;4,69,74,9
4,69,74,9;4,69,70,5;69,74,75,70;74,9,10,75;9,4,5,10;5,70,75,10
6,71,76,11;6,71,72,7;71,76,77,72;76,11,12,77;11,6,7,12;7,72,77,12
7,72,77,12;7,72,73,8;72,77,78,73;77,12,13,78;12,7,8,13;8,73,78,13
8,73,78,13;8,73,74,9;73,78,79,74;78,13,14,79;13,8,9,14;9,74,79,14
9,74,79,14;9,74,75,10;74,79,80,75;79,14,15,80;14,9,10,15;10,75,80,15
11,76,81,16;11,76,77,12;76,81,82,77;81,16,17,82;16,11,12,17;12,77,82,17
12,77,82,17;12,77,78,13;77,82,83,78;82,17,18,83;17,12,13,18;13,78,83,18
13,78,83,18;13,78,79,14;78,83,84,79;83,18,19,84;18,13,14,19;14,79,84,19
14,79,84,19;14,79,80,15;79,84,85,80;84,19,20,85;19,14,15,20;15,80,85,20
16,81,90,25;16,81,82,17;81,90,91,82;90,25,26,91;25,16,17,26;17,82,91,26
17,82,91,26;17,82,83,18;82,91,92,83;91,26,27,92;26,17,18,27;18,83,92,27
18,83,92,27;18,83,84,19;83,92,93,84;92,27,28,93;27,18,19,28;19,84,93,28
19,84,93,28;19,84,85,20;84,93,94,85;93,28,29,94;28,19,20,29;20,85,94,29
21,86,95,30;21,86,87,22;86,95,96,87;95,30,31,96;30,21,22,31;22,87,96,31
22,87,96,31;22,87,88,23;87,96,97,88;96,31,32,97;31,22,23,32;23,88,97,32
23,88,97,32;23,88,89,24;88,97,98,89;97,32,33,98;32,23,24,33;24,89,98,33
24,89,98,33;24,89,90,25;89,98,99,90;98,33,34,99;33,24,25,34;25,90,99,34
25,90,99,34;25,90,91,26;90,99,100,91;99,34,35,100;34,25,26,35;26,91,100,35
26,91,100,35;26,91,92,27;91,100,101,92;100,35,36,101;35,26,27,36;27,92,101,36
27,92,101,36;27,92,93,28;92,101,102,93;101,36,37,102;36,27,28,37;28,93,102,37
28,93,102,37;28,93,94,29;93,102,103,94;102,37,38,103;37,28,29,38;29,94,103,38
30,95,104,39;30,95,96,31;95,104,105,96;104,39,40,105;39,30,31,40;31,96,105,40
31,96,105,40;31,96,97,32;96,105,106,97;105,40,41,106;40,31,32,41;32,97,106,41
32,97,106,41;32,97,98,33;97,106,107,98;106,41,42,107;41,32,33,42;33,98,107,42
33,98,107,42;33,98,99,34;98,107,108,99;107,42,43,108;42,33,34,43;34,99,108,43
34,99,108,43;34,99,100,35;99,108,109,100;108,43,44,109;43,34,35,44;35,100,109,44
35,100,109,44;35,100,101,36;100,109,110,101;109,44,45,110;44,35,36,45;36,101,110,45
36,101,110,45;36,101,102,37;101,110,111,102;110,45,46,111;45,36,37,46;37,102,111,46
37,102,111,46;37,102,103,38;102,111,112,103;111,46,47,112;46,37,38,47;38,103,112,47
39,104,113,48;39,104,105,40;104,113,114,105;113,48,49,114;48,39,40,49;40,105,114,49
40,105,114,49;40,105,106,41;105,114,115,106;114,49,50,115;49,40,41,50;41,106,115,50
41,106,115,50;41,106,107,42;106,115,116,107;115,50,51,116;50,41,42,51;42,107,116,51
42,107,116,51;42,107,108,43;107,116,117,108;116,51,52,117;51,42,43,52;43,108,117,52
43,108,117,52;43,108,109,44;108,117,118,109;117,52,53,118;52,43,44,53;44,109,118,53
44,109,118,53;44,109,110,45;109,118,119,110;118,53,54,119;53,44,45,54;45,110,119,54
45,110,119,54;45,110,111,46;110,119,120,111;119,54,55,120;54,45,46,55;46,111,120,55
46,111,120,55;46,111,112,47;111,120,121,112;120,55,56,121;55,46,47,56;47,112,121,56
48,113,122,57;48,113,114,49;113,122,123,114;122,57,58,123;57,48,49,58;49,114,123,58
49,114,123,58;49,114,115,50;114,123,124,115;123,58,59,124;58,49,50,59;50,115,124,59
50,115,124,59;50,115,116,51;115,124,125,116;124,59,60,125;59,50,51,60;51,116,125,60
51,116,125,60;51,116,117,52;116,125,126,117;125,60,61,126;60,51,52,61;52,117,126,61
52,117,126,61;52,117,118,53;117,126,127,118;126,61,62,127;61,52,53,62;53,118,127,62
53,118,127,62;53,118,119,54;118,127,128,119;127,62,63,128;62,53,54,63;54,119,128,63
54,119,128,63;54,119,120,55;119,128,129,120;128,63,64,129;63,54,55,64;55,120,129,64
55,120,129,64;55,120,121,56;120,129,130,121;129,64,65,130;64,55,56,65;56,121,130,65
66,131,136,71;66,131,132,67;131,136,137,132;136,71,72,137;71,66,67,72;67,132,137,72
67,132,137,72;67,132,133,68;132,137,138,133;137,72,73,138;72,67,68,73;68,133,138,73
68,133,138,73;68,133,134,69;133,138,139,134;138,73,74,139;73,68,69,74;69,134,139,74
69,134,139,74;69,134,135,70;134,139,140,135;139,74,75,140;74,69,70,75;70,135,140,75
71,136,141,76;71,136,137,72;136,141,142,137;141,76,77,142;76,71,72,77;72,137,142,77
72,137,142,77;72,137,138,73;137,142,143,138;142,77,78,143;77,72,73,78;73,138,143,78
73,138,143,78;73,138,139,74;138,143,144,139;143,78,79,144;78,73,74,79;74,139,144,79
74,139,144,79;74,139,140,75;139,144,145,140;144,79,80,145;79,74,75,80;75,140,145,80
76,141,146,81;76,141,142,77;141,146,147,142;146,81,82,147;81,76,77,82;77,142,147,82
77,142,147,82;77,142,143,78;142,147,148,143;147,82,83,148;82,77,78,83;78,143,148,83
78,143,148,83;78,143,144,79;143,148,149,144;148,83,84,149;83,78,79,84;79,144,149,84
79,144,149,84;79,144,145,80;144,149,150,145;149,84,85,150;84,79,80,85;80,145,150,85
81,146,155,90;81,146,147,82;146,155,156,147;155,90,91,156;90,81,82,91;82,147,156,91
82,147,156,91;82,147,148,83;147,156,157,148;156,91,92,157;91,82,83,92;83,148,157,92
83,148,157,92;83,148,149,84;148,157,158,149;157,92,93,158;92,83,84,93;84,149,158,93
84,149,158,93;84,149,150,85;149,158,159,150;158,93,94,159;93,84,85,94;85,150,159,94
86,151,160,95;86,151,152,87;151,160,161,152;160,95,96,161;95,86,87,96;87,152,161,96
87,152,161,96;87,152,153,88;152,161,162,153;161,96,97,162;96,87,88,97;88,153,162,97
88,153,162,97;88,153,154,89;153,162,163,154;162,97,98,163;97,88,89,98;89,154,163,98
89,154,163,98;89,154,155,90;154,163,164,155;163,98,99,164;98,89,90,99;90,155,164,99
90,155,164,99;90,155,156,91;155,164,165,156;164,99,100,165;99,90,91,100;91,156,165,100
91,156,165,100;91,156,157,92;156,165,166,157;165,100,101,166;100,91,92,101;92,157,166,101
92,157,166,101;92,157,158,93;157,166,167,158;166,101,102,167;101,92,93,102;93,158,167,102
93,158,167,102;93,158,159,94;158,167,168,159;167,102,103,168;102,93,94,103;94,159,168,103
95,160,169,104;95,160,161,96;160,169,170,161;169,104,105,170;104,95,96,105;96,161,170,105
96,161,170,105;96,161,162,97;161,170,171,162;170,105,106,171;105,96,97,106;97,162,171,106
97,162,171,106;97,162,163,98;162,171,172,163;171,106,107,172;106,97,98,107;98,163,172,107
98,163,172,107;98,163,164,99;163,172,173,164;172,107,108,173;107,98,99,108;99,164,173,108
99,164,173,108;99,164,165,100;164,173,174,165;173,108,109,174;108,99,100,109;100,165,174,109
100,165,174,109;100,165,166,101;165,174,175,166;174,109,110,175;109,100,101,110;101,166,175,110
101,166,175,110;101,166,167,102;166,175,176,167;175,110,111,176;110,101,102,111;102,167,176,111
102,167,176,111;102,167,168,103;167,176,177,168;176,111,112,177;111,102,103,112;103,168,177,112
104,169,178,113;104,169,170,105;169,178,179,170;178,113,114,179;113,104,105,114;105,170,179,114
105,170,179,114;105,170,171,106;170,179,180,171;179,114,115,180;114,105,106,115;106,171,180,115
106,171,180,115;106,171,172,107;171,180,181,172;180,115,116,181;115,106,107,116;107,172,181,116
107,172,181,116;107,172,173,108;172,181,182,173;181,116,117,182;116,107,108,117;108,173,182,117
108,173,182,117;108,173,174,109;173,182,183,174;182,117,118,183;117,108,109,118;109,174,183,118
109,174,183,118;109,174,175,110;174,183,184,175;183,118,119,184;118,109,110,119;110,175,184,119
110,175,184,119;110,175,176,111;175,184,185,176;184,119,120,185;119,110,111,120;111,176,185,120
111,176,185,120;111,176,177,112;176,185,186,177;185,120,121,186;120,111,112,121;112,177,186,121
113,178,187,122;113,178,179,114;178,187,188,179;187,122,123,188;122,113,114,123;114,179,188,123
114,179,188,123;114,179,180,115;179,188,189,180;188,123,124,189;123,114,115,124;115,180,189,124
115,180,189,124;115,180,181,116;180,189,190,181;189,124,125,190;124,115,116,125;116,181,190,125
116,181,190,125;116,181,182,117;181,190,191,182;190,125,126,191;125,116,117,126;117,182,191,126
117,182,191,126;117,182,183,118;182,191,192,183;191,126,127,192;126,117,118,127;118,183,192,127
118,183,192,127;118,183,184,119;183,192,193,184;192,127,128,193;127,118,119,128;119,184,193,128
119,184,193,128;119,184,185,120;184,193,194,185;193,128,129,194;128,119,120,129;120,185,194,129
120,185,194,129;120,185,186,121;185,194,195,186;194,129,130,195;129,120,121,130;121,186,195,130
131,196,201,136;131,196,197,132;196,201,202,197;201,136,137,202;136,131,132,137;132,197,202,137
132,197,202,137;132,197,198,133;197,202,203,198;202,137,138,203;137,132,133,138;133,198,203,138
133,198,203,138;133,198,199,134;198,203,204,199;203,138,139,204;138,133,134,139;134,199,204,139
134,199,204,139;134,199,200,135;199,204,205,200;204,139,140,205;139,134,135,140;135,200,205,140
136,201,206,141;136,201,202,137;201,206,207,202;206,141,142,207;141,136,137,142;137,202,207,142
137,202,207,142;137,202,203,138;202,207,208,203;207,142,143,208;142,137,138,143;138,203,208,143
138,203,208,143;138,203,204,139;203,208,209,204;208,143,144,209;143,138,139,144;139,204,209,144
139,204,209,144;139,204,205,140;204,209,210,205;209,144,145,210;144,139,140,145;140,205,210,145
141,206,211,146;141,206,207,142;206,211,212,207;211,146,147,212;146,141,142,147;142,207,212,147
142,207,212,147;142,207,208,143;207,212,213,208;212,147,148,213;147,142,143,148;143,208,213,148
143,208,213,148;143,208,209,144;208,213,214,209;213,148,149,214;148,143,144,149;144,209,214,149
144,209,214,149;144,209,210,145;209,214,215,210;214,149,150,215;149,144,145,150;145,210,215,150
146,211,220,155;146,211,212,147;211,220,221,212;220,155,156,221;155,146,147,156;147,212,221,156
147,212,221,156;147,212,213,148;212,221,222,213;221,156,157,222;156,147,148,157;148,213,222,157
148,213,222,157;148,213,214,149;213,222,223,214;222,157,158,223;157,148,149,158;149,214,223,158
149,214,223,158;149,214,215,150;214,223,224,215;223,158,159,224;158,149,150,159;150,215,224,159
151,216,225,160;151,216,217,152;216,225,226,217;225,160,161,226;160,151,152,161;152,217,226,161
152,217,226,161;152,217,218,153;217,226,227,218;226,161,162,227;161,152,153,162;153,218,227,162
153,218,227,162;153,218,219,154;218,227,228,219;227,162,163,228;162,153,154,163;154,219,228,163
154,219,228,163;154,219,220,155;219,228,229,220;228,163,164,229;163,154,155,164;155,220,229,164
155,220,229,164;155,220,221,156;220,229,230,221;229,164,165,230;164,155,156,165;156,221,230,165
156,221,230,165;156,221,222,157;221,230,231,222;230,165,166,231;165,156,157,166;157,222,231,166
157,222,231,166;157,222,223,158;222,231,232,223;231,166,167,232;166,157,158,167;158,223,232,167
158,223,232,167;158,223,224,159;223,232,233,224;232,167,168,233;167,158,159,168;159,224,233,168
160,225,234,169;160,225,226,161;225,234,235,226;234,169,170,235;169,160,161,170;161,226,235,170
161,226,235,170;161,226,227,162;226,235,236,227;235,170,171,236;170,161,162,171;162,227,236,171
162,227,236,171;162,227,228,163;227,236,237,228;236,171,172,237;171,162,163,172;163,228,237,172
163,228,237,172;163,228,229,164;228,237,238,229;237,172,173,238;172,163,164,173;164,229,238,173
164,229,238,173;164,229,230,165;229,238,239,230;238,173,174,239;173,164,165,174;165,230,239,174
165,230,239,174;165,230,231,166;230,239,240,231;239,174,175,240;174,165,166,175;166,231,240,175
166,231,240,175;166,231,232,167;231,240,241,232;240,175,176,241;175,166,167,176;167,232,241,176
167,232,241,176;167,232,233,168;232,241,242,233;241,176,177,242;176,167,168,177;168,233,242,177
169,234,243,178;169,234,235,170;234,243,244,235;243,178,179,244;178,169,170,179;170,235,244,179
170,235,244,179;170,235,236,171;235,244,245,236;244,179,180,245;179,170,171,180;171,236,245,180
171,236,245,180;171,236,237,172;236,245,246,237;245,180,181,246;180,171,172,181;172,237,246,181
172,237,246,181;172,237,238,173;237,246,247,238;246,181,182,247;181,172,173,182;173,238,247,182
173,238,247,182;173,238,239,174;238,247,248,239;247,182,183,248;182,173,174,183;174,239,248,183
174,239,248,183;174,239,240,175;239,248,249,240;248,183,184,249;183,174,175,184;175,240,249,184
175,240,249,184;175,240,241,176;240,249,250,241;249,184,185,250;184,175,176,185;176,241,250,185
176,241,250,185;176,241,242,177;241,250,251,242;250,185,186,251;185,176,177,186;177,242,251,186
178,243,252,187;178,243,244,179;243,252,253,244;252,187,188,253;187,178,179,188;179,244,253,188
179,244,253,188;179,244,245,180;244,253,254,245;253,188,189,254;188,179,180,189;180,245,254,189
180,245,254,189;180,245,246,181;245,254,255,246;254,189,190,255;189,180,181,190;181,246,255,190
181,246,255,190;181,246,247,182;246,255,256,247;255,190,191,256;190,181,182,191;182,247,256,191
182,247,256,191;182,247,248,183;247,256,257,248;256,191,192,257;191,182,183,192;183,248,257,192
183,248,257,192;183,248,249,184;248,257,258,249;257,192,193,258;192,183,184,193;184,249,258,193
184,249,258,193;184,249,250,185;249,258,259,250;258,193,194,259;193,184,185,194;185,250,259,194
185,250,259,194;185,250,251,186;250,259,260,251;259,194,195,260;194,185,186,195;186,251,260,195
196,265,274,201;196,265,266,197;265,274,275,266;274,201,202,275;201,196,197,202;197,266,275,202
197,266,275,202;197,266,267,198;266,275,276,267;275,202,203,276;202,197,198,203;198,267,276,203
198,267,276,203;198,267,268,199;267,276,277,268;276,203,204,277;203,198,199,204;199,268,277,204
199,268,277,204;199,268,269,200;268,277,278,269;277,204,205,278;204,199,200,205;200,269,278,205
201,274,283,206;201,274,275,202;274,283,284,275;283,206,207,284;206,201,202,207;202,275,284,207
202,275,284,207;202,275,276,203;275,284,285,276;284,207,208,285;207,202,203,208;203,276,285,208
203,276,285,208;203,276,277,204;276,285,286,277;285,208,209,286;208,203,204,209;204,277,286,209
204,277,286,209;204,277,278,205;277,286,287,278;286,209,210,287;209,204,205,210;205,278,287,210
206,283,292,211;206,283,284,207;283,292,293,284;292,211,212,293;211,206,207,212;207,284,293,212
207,284,293,212;207,284,285,208;284,293,294,285;293,212,213,294;212,207,208,213;208,285,294,213
208,285,294,213;208,285,286,209;285,294,295,286;294,213,214,295;213,208,209,214;209,286,295,214
209,286,295,214;209,286,287,210;286,295,296,287;295,214,215,296;214,209,210,215;210,287,296,215
211,292,301,220;211,292,293,212;292,301,302,293;301,220,221,302;220,211,212,221;212,293,302,221
212,293,302,221;212,293,294,213;293,302,303,294;302,221,222,303;221,212,213,222;213,294,303,222
213,294,303,222;213,294,295,214;294,303,304,295;303,222,223,304;222,213,214,223;214,295,304,223
214,295,304,223;214,295,296,215;295,304,305,296;304,223,224,305;223,214,215,224;215,296,305,224
216,297,306,225;216,297,298,217;297,306,307,298;306,225,226,307;225,216,217,226;217,298,307,226
217,298,307,226;217,298,299,218;298,307,308,299;307,226,227,308;226,217,218,227;218,299,308,227
218,299,308,227;218,299,300,219;299,308,309,300;308,227,228,309;227,218,219,228;219,300,309,228
219,300,309,228;219,300,301,220;300,309,310,301;309,228,229,310;228,219,220,229;220,301,310,229
220,301,310,229;220,301,302,221;301,310,311,302;310,229,230,311;229,220,221,230;221,302,311,230
221,302,311,230;221,302,303,222;302,311,312,303;311,230,231,312;230,221,222,231;222,303,312,231
222,303,312,231;222,303,304,223;303,312,313,304;312,231,232,313;231,222,223,232;223,304,313,232
223,304,313,232;223,304,305,224;304,313,314,305;313,232,233,314;232,223,224,233;224,305,314,233
225,306,315,234;225,306,307,226;306,315,316,307;315,234,235,316;234,225,226,235;226,307,316,235
226,307,316,235;226,307,308,227;307,316,317,308;316,235,236,317;235,226,227,236;227,308,317,236
227,308,317,236;227,308,309,228;308,317,318,309;317,236,237,318;236,227,228,237;228,309,318,237
228,309,318,237;228,309,310,229;309,318,319,310;318,237,238,319;237,228,229,238;229,310,319,238
229,310,319,238;229,310,311,230;310,319,320,311;319,238,239,320;238,229,230,239;230,311,320,239
230,311,320,239;230,311,312,231;311,320,321,312;320,239,240,321;239,230,231,240;231,312,321,240
231,312,321,240;231,312,313,232;312,321,322,313;321,240,241,322;240,231,232,241;232,313,322,241
232,313,322,241;232,313,314,233;313,322,323,314;322,241,242,323;241,232,233,242;233,314,323,242
234,315,324,243;234,315,316,235;315,324,325,316;324,243,244,325;243,234,235,244;235,316,325,244
235,316,325,244;235,316,317,236;316,325,326,317;325,244,245,326;244,235,236,245;236,317,326,245
236,317,326,245;236,317,318,237;317,326,327,318;326,245,246,327;245,236,237,246;237,318,327,246
237,318,327,246;237,318,319,238;318,327,328,319;327,246,247,328;246,237,238,247;238,319,328,247
238,319,328,247;238,319,320,239;319,328,329,320;328,247,248,329;247,238,239,248;239,320,329,248
239,320,329,248;239,320,321,240;320,329,330,321;329,248,249,330;248,239,240,249;240,321,330,249
240,321,330,249;240,321,322,241;321,330,331,322;330,249,250,331;249,240,241,250;241,322,331,250
241,322,331,250;241,322,323,242;322,331,332,323;331,250,251,332;250,241,242,251;242,323,332,251
243,324,333,252;243,324,325,244;324,333,334,325;333,252,253,334;252,243,244,253;244,325,334,253
244,325,334,253;244,325,326,245;325,334,335,326;334,253,254,335;253,244,245,254;245,326,335,254
245,326,335,254;245,326,327,246;326,335,336,327;335,254,255,336;254,245,246,255;246,327,336,255
246,327,336,255;246,327,328,247;327,336,337,328;336,255,256,337;255,246,247,256;247,328,337,256
247,328,337,256;247,328,329,248;328,337,338,329;337,256,257,338;256,247,248,257;248,329,338,257
248,329,338,257;248,329,330,249;329,338,339,330;338,257,258,339;257,248,249,258;249,330,339,258
249,330,339,258;249,330,331,250;330,339,340,331;339,258,259,340;258,249,250,259;250,331,340,259
250,331,340,259;250,331,332,251;331,340,341,332;340,259,260,341;259,250,251,260;251,332,341,260
261,342,351,270;261,342,343,262;342,351,352,343;351,270,271,352;270,261,262,271;262,343,352,271
262,343,352,271;262,343,344,263;343,352,353,344;352,271,272,353;271,262,263,272;263,344,353,272
263,344,353,272;263,344,345,264;344,353,354,345;353,272,273,354;272,263,264,273;264,345,354,273
264,345,354,273;264,345,346,265;345,354,355,346;354,273,274,355;273,264,265,274;265,346,355,274
265,346,355,274;265,346,347,266;346,355,356,347;355,274,275,356;274,265,266,275;266,347,356,275
266,347,356,275;266,347,348,267;347,356,357,348;356,275,276,357;275,266,267,276;267,348,357,276
267,348,357,276;267,348,349,268;348,357,358,349;357,276,277,358;276,267,268,277;268,349,358,277
268,349,358,277;268,349,350,269;349,358,359,350;358,277,278,359;277,268,269,278;269,350,359,278
270,351,360,279;270,351,352,271;351,360,361,352;360,279,280,361;279,270,271,280;271,352,361,280
271,352,361,280;271,352,353,272;352,361,362,353;361,280,281,362;280,271,272,281;272,353,362,281
272,353,362,281;272,353,354,273;353,362,363,354;362,281,282,363;281,272,273,282;273,354,363,282
273,354,363,282;273,354,355,274;354,363,364,355;363,282,283,364;282,273,274,283;274,355,364,283
274,355,364,283;274,355,356,275;355,364,365,356;364,283,284,365;283,274,275,284;275,356,365,284
275,356,365,284;275,356,357,276;356,365,366,357;365,284,285,366;284,275,276,285;276,357,366,285
276,357,366,285;276,357,358,277;357,366,367,358;366,285,286,367;285,276,277,286;277,358,367,286
277,358,367,286;277,358,359,278;358,367,368,359;367,286,287,368;286,277,278,287;278,359,368,287
279,360,369,288;279,360,361,280;360,369,370,361;369,288,289,370;288,279,280,289;280,361,370,289
280,361,370,289;280,361,362,281;361,370,371,362;370,289,290,371;289,280,281,290;281,362,371,290
281,362,371,290;281,362,363,282;362,371,372,363;371,290,291,372;290,281,282,291;282,363,372,291
282,363,372,291;282,363,364,283;363,372,373,364;372,291,292,373;291,282,283,292;283,364,373,292
283,364,373,292;283,364,365,284;364,373,374,365;373,292,293,374;292,283,284,293;284,365,374,293
284,365,374,293;284,365,366,285;365,374,375,366;374,293,294,375;293,284,285,294;285,366,375,294
285,366,375,294;285,366,367,286;366,375,376,367;375,294,295,376;294,285,286,295;286,367,376,295
286,367,376,295;286,367,368,287;367,376,377,368;376,295,296,377;295,286,287,296;287,368,377,296
288,369,378,297;288,369,370,289;369,378,379,370;378,297,298,379;297,288,289,298;289,370,379,298
289,370,379,298;289,370,371,290;370,379,380,371;379,298,299,380;298,289,290,299;290,371,380,299
290,371,380,299;290,371,372,291;371,380,381,372;380,299,300,381;299,290,291,300;291,372,381,300
291,372,381,300;291,372,373,292;372,381,382,373;381,300,301,382;300,291,292,301;292,373,382,301
292,373,382,301;292,373,374,293;373,382,383,374;382,301,302,383;301,292,293,302;293,374,383,302
293,374,383,302;293,374,375,294;374,383,384,375;383,302,303,384;302,293,294,303;294,375,384,303
294,375,384,303;294,375,376,295;375,384,385,376;384,303,304,385;303,294,295,304;295,376,385,304
295,376,385,304;295,376,377,296;376,385,386,377;385,304,305,386;304,295,296,305;296,377,386,305
297,378,387,306;297,378,379,298;378,387,388,379;387,306,307,388;306,297,298,307;298,379,388,307
298,379,388,307;298,379,380,299;379,388,389,380;388,307,308,389;307,298,299,308;299,380,389,308
299,380,389,308;299,380,381,300;380,389,390,381;389,308,309,390;308,299,300,309;300,381,390,309
300,381,390,309;300,381,382,301;381,390,391,382;390,309,310,391;309,300,301,310;301,382,391,310
301,382,391,310;301,382,383,302;382,391,392,383;391,310,311,392;310,301,302,311;302,383,392,311
302,383,392,311;302,383,384,303;383,392,393,384;392,311,312,393;311,302,303,312;303,384,393,312
303,384,393,312;303,384,385,304;384,393,394,385;393,312,313,394;312,303,304,313;304,385,394,313
304,385,394,313;304,385,386,305;385,394,395,386;394,313,314,395;313,304,305,314;305,386,395,314
306,387,396,315;306,387,388,307;387,396,397,388;396,315,316,397;315,306,307,316;307,388,397,316
307,388,397,316;307,388,389,308;388,397,398,389;397,316,317,398;316,307,308,317;308,389,398,317
308,389,398,317;308,389,390,309;389,398,399,390;398,317,318,399;317,308,309,318;309,390,399,318
309,390,399,318;309,390,391,310;390,399,400,391;399,318,319,400;318,309,310,319;310,391,400,319
310,391,400,319;310,391,392,311;391,400,401,392;400,319,320,401;319,310,311,320;311,392,401,320
311,392,401,320;311,392,393,312;392,401,402,393;401,320,321,402;320,311,312,321;312,393,402,321
312,393,402,321;312,393,394,313;393,402,403,394;402,321,322,403;321,312,313,322;313,394,403,322
313,394,403,322;313,394,395,314;394,403,404,395;403,322,323,404;322,313,314,323;314,395,404,323
315,396,405,324;315,396,397,316;396,405,406,397;405,324,325,406;324,315,316,325;316,397,406,325
316,397,406,325;316,397,398,317;397,406,407,398;406,325,326,407;325,316,317,326;317,398,407,326
317,398,407,326;317,398,399,318;398,407,408,399;407,326,327,408;326,317,318,327;318,399,408,327
318,399,408,327;318,399,400,319;399,408,409,400;408,327,328,409;327,318,319,328;319,400,409,328
319,400,409,328;319,400,401,320;400,409,410,401;409,328,329,410;328,319,320,329;320,401,410,329
320,401,410,329;320,401,402,321;401,410,411,402;410,329,330,411;329,320,321,330;321,402,411,330
321,402,411,330;321,402,403,322;402,411,412,403;411,330,331,412;330,321,322,331;322,403,412,331
322,403,412,331;322,403,404,323;403,412,413,404;412,331,332,413;331,322,323,332;323,404,413,332
324,405,414,333;324,405,406,325;405,414,415,406;414,333,334,415;333,324,325,334;325,406,415,334
325,406,415,334;325,406,407,326;406,415,416,407;415,334,335,416;334,325,326,335;326,407,416,335
326,407,416,335;326,407,408,327;407,416,417,408;416,335,336,417;335,326,327,336;327,408,417,336
327,408,417,336;327,408,409,328;408,417,418,409;417,336,337,418;336,327,328,337;328,409,418,337
328,409,418,337;328,409,410,329;409,418,419,410;418,337,338,419;337,328,329,338;329,410,419,338
329,410,419,338;329,410,411,330;410,419,420,411;419,338,339,420;338,329,330,339;330,411,420,339
330,411,420,339;330,411,412,331;411,420,421,412;420,339,340,421;339,330,331,340;331,412,421,340
331,412,421,340;331,412,413,332;412,421,422,413;421,340,341,422;340,331,332,341;332,413,422,341
342,423,432,351;342,423,424,343;423,432,433,424;432,351,352,433;351,342,343,352;343,424,433,352
343,424,433,352;343,424,425,344;424,433,434,425;433,352,353,434;352,343,344,353;344,425,434,353
344,425,434,353;344,425,426,345;425,434,435,426;434,353,354,435;353,344,345,354;345,426,435,354
345,426,435,354;345,426,427,346;426,435,436,427;435,354,355,436;354,345,346,355;346,427,436,355
346,427,436,355;346,427,428,347;427,436,437,428;436,355,356,437;355,346,347,356;347,428,437,356
347,428,437,356;347,428,429,348;428,437,438,429;437,356,357,438;356,347,348,357;348,429,438,357
348,429,438,357;348,429,430,349;429,438,439,430;438,357,358,439;357,348,349,358;349,430,439,358
349,430,439,358;349,430,431,350;430,439,440,431;439,358,359,440;358,349,350,359;350,431,440,359
351,432,441,360;351,432,433,352;432,441,442,433;441,360,361,442;360,351,352,361;352,433,442,361
352,433,442,361;352,433,434,353;433,442,443,434;442,361,362,443;361,352,353,362;353,434,443,362
353,434,443,362;353,434,435,354;434,443,444,435;443,362,363,444;362,353,354,363;354,435,444,363
354,435,444,363;354,435,436,355;435,444,445,436;444,363,364,445;363,354,355,364;355,436,445,364
355,436,445,364;355,436,437,356;436,445,446,437;445,364,365,446;364,355,356,365;356,437,446,365
356,437,446,365;356,437,438,357;437,446,447,438;446,365,366,447;365,356,357,366;357,438,447,366
357,438,447,366;357,438,439,358;438,447,448,439;447,366,367,448;366,357,358,367;358,439,448,367
358,439,448,367;358,439,440,359;439,448,449,440;448,367,368,449;367,358,359,368;359,440,449,368
360,441,450,369;360,441,442,361;441,450,451,442;450,369,370,451;369,360,361,370;361,442,451,370
361,442,451,370;361,442,443,362;442,451,452,443;451,370,371,452;370,361,362,371;362,443,452,371
362,443,452,371;362,443,444,363;443,452,453,444;452,371,372,453;371,362,363,372;363,444,453,372
363,444,453,372;363,444,445,364;444,453,454,445;453,372,373,454;372,363,364,373;364,445,454,373
364,445,454,373;364,445,446,365;445,454,455,446;454,373,374,455;373,364,365,374;365,446,455,374
365,446,455,374;365,446,447,366;446,455,456,447;455,374,375,456;374,365,366,375;366,447,456,375
366,447,456,375;366,447,448,367;447,456,457,448;456,375,376,457;375,366,367,376;367,448,457,376
367,448,457,376;367,448,449,368;448,457,458,449;457,376,377,458;376,367,368,377;368,449,458,377
369,450,459,378;369,450,451,370;450,459,460,451;459,378,379,460;378,369,370,379;370,451,460,379
370,451,460,379;370,451,452,371;451,460,461,452;460,379,380,461;379,370,371,380;371,452,461,380
371,452,461,380;371,452,453,372;452,461,462,453;461,380,381,462;380,371,372,381;372,453,462,381
372,453,462,381;372,453,454,373;453,462,463,454;462,381,382,463;381,372,373,382;373,454,463,382
373,454,463,382;373,454,455,374;454,463,464,455;463,382,383,464;382,373,374,383;374,455,464,383
374,455,464,383;374,455,456,375;455,464,465,456;464,383,384,465;383,374,375,384;375,456,465,384
375,456,465,384;375,456,457,376;456,465,466,457;465,384,385,466;384,375,376,385;376,457,466,385
376,457,466,385;376,457,458,377;457,466,467,458;466,385,386,467;385,376,377,386;377,458,467,386
378,459,468,387;378,459,460,379;459,468,469,460;468,387,388,469;387,378,379,388;379,460,469,388
379,460,469,388;379,460,461,380;460,469,470,461;469,388,389,470;388,379,380,389;380,461,470,389
380,461,470,389;380,461,462,381;461,470,471,462;470,389,390,471;389,380,381,390;381,462,471,390
381,462,471,390;381,462,463,382;462,471,472,463;471,390,391,472;390,381,382,391;382,463,472,391
382,463,472,391;382,463,464,383;463,472,473,464;472,391,392,473;391,382,383,392;383,464,473,392
383,464,473,392;383,464,465,384;464,473,474,465;473,392,393,474;392,383,384,393;384,465,474,393
384,465,474,393;384,465,466,385;465,474,475,466;474,393,394,475;393,384,385,394;385,466,475,394
385,466,475,394;385,466,467,386;466,475,476,467;475,394,395,476;394,385,386,395;386,467,476,395
387,468,477,396;387,468,469,388;468,477,478,469;477,396,397,478;396,387,388,397;388,469,478,397
388,469,478,397;388,469,470,389;469,478,479,470;478,397,398,479;397,388,389,398;389,470,479,398
389,470,479,398;389,470,471,390;470,479,480,471;479,398,399,480;398,389,390,399;390,471,480,399
390,471,480,399;390,471,472,391;471,480,481,472;480,399,400,481;399,390,391,400;391,472,481,400
391,472,481,400;391,472,473,392;472,481,482,473;481,400,401,482;400,391,392,401;392,473,482,401
392,473,482,401;392,473,474,393;473,482,483,474;482,401,402,483;401,392,393,402;393,474,483,402
393,474,483,402;393,474,475,394;474,483,484,475;483,402,403,484;402,393,394,403;394,475,484,403
394,475,484,403;394,475,476,395;475,484,485,476;484,403,404,485;403,394,395,404;395,476,485,404
396,477,486,405;396,477,478,397;477,486,487,478;486,405,406,487;405,396,397,406;397,478,487,406
397,478,487,406;397,478,479,398;478,487,488,479;487,406,407,488;406,397,398,407;398,479,488,407
398,479,488,407;398,479,480,399;479,488,489,480;488,407,408,489;407,398,399,408;399,480,489,408
399,480,489,408;399,480,481,400;480,489,490,481;489,408,409,490;408,399,400,409;400,481,490,409
400,481,490,409;400,481,482,401;481,490,491,482;490,409,410,491;409,400,401,410;401,482,491,410
401,482,491,410;401,482,483,402;482,491,492,483;491,410,411,492;410,401,402,411;402,483,492,411
402,483,492,411;402,483,484,403;483,492,493,484;492,411,412,493;411,402,403,412;403,484,493,412
403,484,493,412;403,484,485,404;484,493,494,485;493,412,413,494;412,403,404,413;404,485,494,413
405,486,495,414;405,486,487,406;486,495,496,487;495,414,415,496;414,405,406,415;406,487,496,415
406,487,496,415;406,487,488,407;487,496,497,488;496,415,416,497;415,406,407,416;407,488,497,416
407,488,497,416;407,488,489,408;488,497,498,489;497,416,417,498;416,407,408,417;408,489,498,417
408,489,498,417;408,489,490,409;489,498,499,490;498,417,418,499;417,408,409,418;409,490,499,418
409,490,499,418;409,490,491,410;490,499,500,491;499,418,419,500;418,409,410,419;410,491,500,419
410,491,500,419;410,491,492,411;491,500,501,492;500,419,420,501;419,410,411,420;411,492,501,420
411,492,501,420;411,492,493,412;492,501,502,493;501,420,421,502;420,411,412,421;412,493,502,421
412,493,502,421;412,493,494,413;493,502,503,494;502,421,422,503;421,412,413,422;413,494,503,422
423,504,513,432;423,504,505,424;504,513,514,505;513,432,433,514;432,423,424,433;424,505,514,433
424,505,514,433;424,505,506,425;505,514,515,506;514,433,434,515;433,424,425,434;425,506,515,434
425,506,515,434;425,506,507,426;506,515,516,507;515,434,435,516;434,425,426,435;426,507,516,435
426,507,516,435;426,507,508,427;507,516,517,508;516,435,436,517;435,426,427,436;427,508,517,436
427,508,517,436;427,508,509,428;508,517,518,509;517,436,437,518;436,427,428,437;428,509,518,437
428,509,518,437;428,509,510,429;509,518,519,510;518,437,438,519;437,428,429,438;429,510,519,438
429,510,519,438;429,510,511,430;510,519,520,511;519,438,439,520;438,429,430,439;430,511,520,439
430,511,520,439;430,511,512,431;511,520,521,512;520,439,440,521;439,430,431,440;431,512,521,440
432,513,522,441;432,513,514,433;513,522,523,514;522,441,442,523;441,432,433,442;433,514,523,442
433,514,523,442;433,514,515,434;514,523,524,515;523,442,443,524;442,433,434,443;434,515,524,443
434,515,524,443;434,515,516,435;515,524,525,516;524,443,444,525;443,434,435,444;435,516,525,444
435,516,525,444;435,516,517,436;516,525,526,517;525,444,445,526;444,435,436,445;436,517,526,445
436,517,526,445;436,517,518,437;517,526,527,518;526,445,446,527;445,436,437,446;437,518,527,446
437,518,527,446;437,518,519,438;518,527,528,519;527,446,447,528;446,437,438,447;438,519,528,447
438,519,528,447;438,519,520,439;519,528,529,520;528,447,448,529;447,438,439,448;439,520,529,448
439,520,529,448;439,520,521,440;520,529,530,521;529,448,449,530;448,439,440,449;440,521,530,449
441,522,531,450;441,522,523,442;522,531,532,523;531,450,451,532;450,441,442,451;442,523,532,451
442,523,532,451;442,523,524,443;523,532,533,524;532,451,452,533;451,442,443,452;443,524,533,452
443,524,533,452;443,524,525,444;524,533,534,525;533,452,453,534;452,443,444,453;444,525,534,453
444,525,534,453;444,525,526,445;525,534,535,526;534,453,454,535;453,444,445,454;445,526,535,454
445,526,535,454;445,526,527,446;526,535,536,527;535,454,455,536;454,445,446,455;446,527,536,455
446,527,536,455;446,527,528,447;527,536,537,528;536,455,456,537;455,446,447,456;447,528,537,456
447,528,537,456;447,528,529,448;528,537,538,529;537,456,457,538;456,447,448,457;448,529,538,457
448,529,538,457;448,529,530,449;529,538,539,530;538,457,458,539;457,448,449,458;449,530,539,458
450,531,540,459;450,531,532,451;531,540,541,532;540,459,460,541;459,450,451,460;451,532,541,460
451,532,541,460;451,532,533,452;532,541,542,533;541,460,461,542;460,451,452,461;452,533,542,461
452,533,542,461;452,533,534,453;533,542,543,534;542,461,462,543;461,452,453,462;453,534,543,462
453,534,543,462;453,534,535,454;534,543,544,535;543,462,463,544;462,453,454,463;454,535,544,463
454,535,544,463;454,535,536,455;535,544,545,536;544,463,464,545;463,454,455,464;455,536,545,464
455,536,545,464;455,536,537,456;536,545,546,537;545,464,465,546;464,455,456,465;456,537,546,465
456,537,546,465;456,537,538,457;537,546,547,538;546,465,466,547;465,456,457,466;457,538,547,466
457,538,547,466;457,538,539,458;538,547,548,539;547,466,467,548;466,457,458,467;458,539,548,467
459,540,549,468;459,540,541,460;540,549,550,541;549,468,469,550;468,459,460,469;460,541,550,469
460,541,550,469;460,541,542,461;541,550,551,542;550,469,470,551;469,460,461,470;461,542,551,470
461,542,551,470;461,542,543,462;542,551,552,543;551,470,471,552;470,461,462,471;462,543,552,471
462,543,552,471;462,543,544,463;543,552,553,544;552,471,472,553;471,462,463,472;463,544,553,472
463,544,553,472;463,544,545,464;544,553,554,545;553,472,473,554;472,463,464,473;464,545,554,473
464,545,554,473;464,545,546,465;545,554,555,546;554,473,474,555;473,464,465,474;465,546,555,474
465,546,555,474;465,546,547,466;546,555,556,547;555,474,475,556;474,465,466,475;466,547,556,475
466,547,556,475;466,547,548,467;547,556,557,548;556,475,476,557;475,466,467,476;467,548,557,476
468,549,558,477;468,549,550,469;549,558,559,550;558,477,478,559;477,468,469,478;469,550,559,478
469,550,559,478;469,550,551,470;550,559,560,551;559,478,479,560;478,469,470,479;470,551,560,479
470,551,560,479;470,551,552,471;551,560,561,552;560,479,480,561;479,470,471,480;471,552,561,480
471,552,561,480;471,552,553,472;552,561,562,553;561,480,481,562;480,471,472,481;472,553,562,481
472,553,562,481;472,553,554,473;553,562,563,554;562,481,482,563;481,472,473,482;473,554,563,482
473,554,563,482;473,554,555,474;554,563,564,555;563,482,483,564;482,473,474,483;474,555,564,483
474,555,564,483;474,555,556,475;555,564,565,556;564,483,484,565;483,474,475,484;475,556,565,484
475,556,565,484;475,556,557,476;556,565,566,557;565,484,485,566;484,475,476,485;476,557,566,485
477,558,567,486;477,558,559,478;558,567,568,559;567,486,487,568;486,477,478,487;478,559,568,487
478,559,568,487;478,559,560,479;559,568,569,560;568,487,488,569;487,478,479,488;479,560,569,488
479,560,569,488;479,560,561,480;560,569,570,561;569,488,489,570;488,479,480,489;480,561,570,489
480,561,570,489;480,561,562,481;561,570,571,562;570,489,490,571;489,480,481,490;481,562,571,490
481,562,571,490;481,562,563,482;562,571,572,563;571,490,491,572;490,481,482,491;482,563,572,491
482,563,572,491;482,563,564,483;563,572,573,564;572,491,492,573;491,482,483,492;483,564,573,492
483,564,573,492;483,564,565,484;564,573,574,565;573,492,493,574;492,483,484,493;484,565,574,493
484,565,574,493;484,565,566,485;565,574,575,566;574,493,494,575;493,484,485,494;485,566,575,494
486,567,576,495;486,567,568,487;567,576,577,568;576,495,496,577;495,486,487,496;487,568,577,496
487,568,577,496;487,568,569,488;568,577,578,569;577,496,497,578;496,487,488,497;488,569,578,497
488,569,578,497;488,569,570,489;569,578,579,570;578,497,498,579;497,488,489,498;489,570,579,498
489,570,579,498;489,570,571,490;570,579,580,571;579,498,499,580;498,489,490,499;490,571,580,499
490,571,580,499;490,571,572,491;571,580,581,572;580,499,500,581;499,490,491,500;491,572,581,500
491,572,581,500;491,572,573,492;572,581,582,573;581,500,501,582;500,491,492,501;492,573,582,501
492,573,582,501;492,573,574,493;573,582,583,574;582,501,502,583;501,492,493,502;493,574,583,502
493,574,583,502;493,574,575,494;574,583,584,575;583,502,503,584;502,493,494,503;494,575,584,503
504,585,594,513;504,585,586,505;585,594,595,586;594,513,514,595;513,504,505,514;505,586,595,514
505,586,595,514;505,586,587,506;586,595,596,587;595,514,515,596;514,505,506,515;506,587,596,515
506,587,596,515;506,587,588,507;587,596,597,588;596,515,516,597;515,506,507,516;507,588,597,516
507,588,597,516;507,588,589,508;588,597,598,589;597,516,517,598;516,507,508,517;508,589,598,517
508,589,598,517;508,589,590,509;589,598,599,590;598,517,518,599;517,508,509,518;509,590,599,518
509,590,599,518;509,590,591,510;590,599,600,591;599,518,519,600;518,509,510,519;510,591,600,519
510,591,600,519;510,591,592,511;591,600,601,592;600,519,520,601;519,510,511,520;511,592,601,520
511,592,601,520;511,592,593,512;592,601,602,593;601,520,521,602;520,511,512,521;512,593,602,521
513,594,603,522;513,594,595,514;594,603,604,595;603,522,523,604;522,513,514,523;514,595,604,523
514,595,604,523;514,595,596,515;595,604,605,596;604,523,524,605;523,514,515,524;515,596,605,524
515,596,605,524;515,596,597,516;596,605,606,597;605,524,525,606;524,515,516,525;516,597,606,525
516,597,606,525;516,597,598,517;597,606,607,598;606,525,526,607;525,516,517,526;517,598,607,526
517,598,607,526;517,598,599,518;598,607,608,599;607,526,527,608;526,517,518,527;518,599,608,527
518,599,608,527;518,599,600,519;599,608,609,600;608,527,528,609;527,518,519,528;519,600,609,528
519,600,609,528;519,600,601,520;600,609,610,601;609,528,529,610;528,519,520,529;520,601,610,529
520,601,610,529;520,601,602,521;601,610,611,602;610,529,530,611;529,520,521,530;521,602,611,530
522,603,612,531;522,603,604,523;603,612,613,604;612,531,532,613;531,522,523,532;523,604,613,532
523,604,613,532;523,604,605,524;604,613,614,605;613,532,533,614;532,523,524,533;524,605,614,533
524,605,614,533;524,605,606,525;605,614,615,606;614,533,534,615;533,524,525,534;525,606,615,534
525,606,615,534;525,606,607,526;606,615,616,607;615,534,535,616;534,525,526,535;526,607,616,535
526,607,616,535;526,607,608,527;607,616,617,608;616,535,536,617;535,526,527,536;527,608,617,536
527,608,617,536;527,608,609,528;608,617,618,609;617,536,537,618;536,527,528,537;528,609,618,537
528,609,618,537;528,609,610,529;609,618,619,610;618,537,538,619;537,528,529,538;529,610,619,538
529,610,619,538;529,610,611,530;610,619,620,611;619,538,539,620;538,529,530,539;530,611,620,539
531,612,621,540;531,612,613,532;612,621,622,613;621,540,541,622;540,531,532,541;532,613,622,541
532,613,622,541;532,613,614,533;613,622,623,614;622,541,542,623;541,532,533,542;533,614,623,542
533,614,623,542;533,614,615,534;614,623,624,615;623,542,543,624;542,533,534,543;534,615,624,543
534,615,624,543;534,615,616,535;615,624,625,616;624,543,544,625;543,534,535,544;535,616,625,544
535,616,625,544;535,616,617,536;616,625,626,617;625,544,545,626;544,535,536,545;536,617,626,545
536,617,626,545;536,617,618,537;617,626,627,618;626,545,546,627;545,536,537,546;537,618,627,546
537,618,627,546;537,618,619,538;618,627,628,619;627,546,547,628;546,537,538,547;538,619,628,547
538,619,628,547;538,619,620,539;619,628,629,620;628,547,548,629;547,538,539,548;539,620,629,548
540,621,630,549;540,621,622,541;621,630,631,622;630,549,550,631;549,540,541,550;541,622,631,550
541,622,631,550;541,622,623,542;622,631,632,623;631,550,551,632;550,541,542,551;542,623,632,551
542,623,632,551;542,623,624,543;623,632,633,624;632,551,552,633;551,542,543,552;543,624,633,552
543,624,633,552;543,624,625,544;624,633,634,625;633,552,553,634;552,543,544,553;544,625,634,553
544,625,634,553;544,625,626,545;625,634,635,626;634,553,554,635;553,544,545,554;545,626,635,554
545,626,635,554;545,626,627,546;626,635,636,627;635,554,555,636;554,545,546,555;546,627,636,555
546,627,636,555;546,627,628,547;627,636,637,628;636,555,556,637;555,546,547,556;547,628,637,556
547,628,637,556;547,628,629,548;628,637,638,629;637,556,557,638;556,547,548,557;548,629,638,557
549,630,639,558;549,630,631,550;630,639,640,631;639,558,559,640;558,549,550,559;550,631,640,559
550,631,640,559;550,631,632,551;631,640,641,632;640,559,560,641;559,550,551,560;551,632,641,560
551,632,641,560;551,632,633,552;632,641,642,633;641,560,561,642;560,551,552,561;552,633,642,561
552,633,642,561;552,633,634,553;633,642,643,634;642,561,562,643;561,552,553,562;553,634,643,562
553,634,643,562;553,634,635,554;634,643,644,635;643,562,563,644;562,553,554,563;554,635,644,563
554,635,644,563;554,635,636,555;635,644,645,636;644,563,564,645;563,554,555,564;555,636,645,564
555,636,645,564;555,636,637,556;636,645,646,637;645,564,565,646;564,555,556,565;556,637,646,565
556,637,646,565;556,637,638,557;637,646,647,638;646,565,566,647;565,556,557,566;557,638,647,566
558,639,648,567;558,639,640,559;639,648,649,640;648,567,568,649;567,558,559,568;559,640,649,568
559,640,649,568;559,640,641,560;640,649,650,641;649,568,569,650;568,559,560,569;560,641,650,569
560,641,650,569;560,641,642,561;641,650,651,642;650,569,570,651;569,560,561,570;561,642,651,570
561,642,651,570;561,642,643,562;642,651,652,643;651,570,571,652;570,561,562,571;562,643,652,571
562,643,652,571;562,643,644,563;643,652,653,644;652,571,572,653;571,562,563,572;563,644,653,572
563,644,653,572;563,644,645,564;644,653,654,645;653,572,573,654;572,563,564,573;564,645,654,573
564,645,654,573;564,645,646,565;645,654,655,646;654,573,574,655;573,564,565,574;565,646,655,574
565,646,655,574;565,646,647,566;646,655,656,647;655,574,575,656;574,565,566,575;566,647,656,575
567,648,657,576;567,648,649,568;648,657,658,649;657,576,577,658;576,567,568,577;568,649,658,577
568,649,658,577;568,649,650,569;649,658,659,650;658,577,578,659;577,568,569,578;569,650,659,578
569,650,659,578;569,650,651,570;650,659,660,651;659,578,579,660;578,569,570,579;570,651,660,579
570,651,660,579;570,651,652,571;651,660,661,652;660,579,580,661;579,570,571,580;571,652,661,580
571,652,661,580;571,652,653,572;652,661,662,653;661,580,581,662;580,571,572,581;572,653,662,581
572,653,662,581;572,653,654,573;653,662,663,654;662,581,582,663;581,572,573,582;573,654,663,582
573,654,663,582;573,654,655,574;654,663,664,655;663,582,583,664;582,573,574,583;574,655,664,583
574,655,664,583;574,655,656,575;655,664,665,656;664,583,584,665;583,574,575,584;575,656,665,584
