1,82,91,10;1,82,83,2;82,91,92,83;91,10,11,92;10,1,2,11;2,83,92,11
2,83,92,11;2,83,84,3;83,92,93,84;92,11,12,93;11,2,3,12;3,84,93,12
3,84,93,12;3,84,85,4;84,93,94,85;93,12,13,94;12,3,4,13;4,85,94,13
4,85,94,13;4,85,86,5;85,94,95,86;94,13,14,95;13,4,5,14;5,86,95,14
5,86,95,14;5,86,87,6;86,95,96,87;95,14,15,96;14,5,6,15;6,87,96,15
6,87,96,15;6,87,88,7;87,96,97,88;96,15,16,97;15,6,7,16;7,88,97,16
7,88,97,16;7,88,89,8;88,97,98,89;97,16,17,98;16,7,8,17;8,89,98,17
8,89,98,17;8,89,90,9;89,98,99,90;98,17,18,99;17,8,9,18;9,90,99,18
10,91,100,19;10,91,92,11;91,100,101,92;100,19,20,101;19,10,11,20;11,92,101,20
11,92,101,20;11,92,93,12;92,101,102,93;101,20,21,102;20,11,12,21;12,93,102,21
12,93,102,21;12,93,94,13;93,102,103,94;102,21,22,103;21,12,13,22;13,94,103,22
13,94,103,22;13,94,95,14;94,103,104,95;103,22,23,104;22,13,14,23;14,95,104,23
14,95,104,23;14,95,96,15;95,104,105,96;104,23,24,105;23,14,15,24;15,96,105,24
15,96,105,24;15,96,97,16;96,105,106,97;105,24,25,106;24,15,16,25;16,97,106,25
16,97,106,25;16,97,98,17;97,106,107,98;106,25,26,107;25,16,17,26;17,98,107,26
17,98,107,26;17,98,99,18;98,107,108,99;107,26,27,108;26,17,18,27;18,99,108,27
19,100,109,28;19,100,101,20;100,109,110,101;109,28,29,110;28,19,20,29;20,101,110,29
20,101,110,29;20,101,102,21;101,110,111,102;110,29,30,111;29,20,21,30;21,102,111,30
21,102,111,30;21,102,103,22;102,111,112,103;111,30,31,112;30,21,22,31;22,103,112,31
22,103,112,31;22,103,104,23;103,112,113,104;112,31,32,113;31,22,23,32;23,104,113,32
23,104,113,32;23,104,105,24;104,113,114,105;113,32,33,114;32,23,24,33;24,105,114,33
24,105,114,33;24,105,106,25;105,114,115,106;114,33,34,115;33,24,25,34;25,106,115,34
25,106,115,34;25,106,107,26;106,115,116,107;115,34,35,116;34,25,26,35;26,107,116,35
26,107,116,35;26,107,108,27;107,116,117,108;116,35,36,117;35,26,27,36;27,108,117,36
28,109,118,37;28,109,110,29;109,118,119,110;118,37,38,119;37,28,29,38;29,110,119,38
29,110,119,38;29,110,111,30;110,119,120,111;119,38,39,120;38,29,30,39;30,111,120,39
30,111,120,39;30,111,112,31;111,120,121,112;120,39,40,121;39,30,31,40;31,112,121,40
31,112,121,40;31,112,113,32;112,121,122,113;121,40,41,122;40,31,32,41;32,113,122,41
32,113,122,41;32,113,114,33;113,122,123,114;122,41,42,123;41,32,33,42;33,114,123,42
33,114,123,42;33,114,115,34;114,123,124,115;123,42,43,124;42,33,34,43;34,115,124,43
34,115,124,43;34,115,116,35;115,124,125,116;124,43,44,125;43,34,35,44;35,116,125,44
35,116,125,44;35,116,117,36;116,125,126,117;125,44,45,126;44,35,36,45;36,117,126,45
37,118,127,46;37,118,119,38;118,127,128,119;127,46,47,128;46,37,38,47;38,119,128,47
38,119,128,47;38,119,120,39;119,128,129,120;128,47,48,129;47,38,39,48;39,120,129,48
39,120,129,48;39,120,121,40;120,129,130,121;129,48,49,130;48,39,40,49;40,121,130,49
40,121,130,49;40,121,122,41;121,130,131,122;130,49,50,131;49,40,41,50;41,122,131,50
41,122,131,50;41,122,123,42;122,131,132,123;131,50,51,132;50,41,42,51;42,123,132,51
42,123,132,51;42,123,124,43;123,132,133,124;132,51,52,133;51,42,43,52;43,124,133,52
43,124,133,52;43,124,125,44;124,133,134,125;133,52,53,134;52,43,44,53;44,125,134,53
44,125,134,53;44,125,126,45;125,134,135,126;134,53,54,135;53,44,45,54;45,126,135,54
46,127,136,55;46,127,128,47;127,136,137,128;136,55,56,137;55,46,47,56;47,128,137,56
47,128,137,56;47,128,129,48;128,137,138,129;137,56,57,138;56,47,48,57;48,129,138,57
48,129,138,57;48,129,130,49;129,138,139,130;138,57,58,139;57,48,49,58;49,130,139,58
49,130,139,58;49,130,131,50;130,139,140,131;139,58,59,140;58,49,50,59;50,131,140,59
50,131,140,59;50,131,132,51;131,140,141,132;140,59,60,141;59,50,51,60;51,132,141,60
51,132,141,60;51,132,133,52;132,141,142,133;141,60,61,142;60,51,52,61;52,133,142,61
52,133,142,61;52,133,134,53;133,142,143,134;142,61,62,143;61,52,53,62;53,134,143,62
53,134,143,62;53,134,135,54;134,143,144,135;143,62,63,144;62,53,54,63;54,135,144,63
55,136,145,64;55,136,137,56;136,145,146,137;145,64,65,146;64,55,56,65;56,137,146,65
56,137,146,65;56,137,138,57;137,146,147,138;146,65,66,147;65,56,57,66;57,138,147,66
57,138,147,66;57,138,139,58;138,147,148,139;147,66,67,148;66,57,58,67;58,139,148,67
58,139,148,67;58,139,140,59;139,148,149,140;148,67,68,149;67,58,59,68;59,140,149,68
59,140,149,68;59,140,141,60;140,149,150,141;149,68,69,150;68,59,60,69;60,141,150,69
60,141,150,69;60,141,142,61;141,150,151,142;150,69,70,151;69,60,61,70;61,142,151,70
61,142,151,70;61,142,143,62;142,151,152,143;151,70,71,152;70,61,62,71;62,143,152,71
62,143,152,71;62,143,144,63;143,152,153,144;152,71,72,153;71,62,63,72;63,144,153,72
64,145,154,73;64,145,146,65;145,154,155,146;154,73,74,155;73,64,65,74;65,146,155,74
65,146,155,74;65,146,147,66;146,155,156,147;155,74,75,156;74,65,66,75;66,147,156,75
66,147,156,75;66,147,148,67;147,156,157,148;156,75,76,157;75,66,67,76;67,148,157,76
67,148,157,76;67,148,149,68;148,157,158,149;157,76,77,158;76,67,68,77;68,149,158,77
68,149,158,77;68,149,150,69;149,158,159,150;158,77,78,159;77,68,69,78;69,150,159,78
69,150,159,78;69,150,151,70;150,159,160,151;159,78,79,160;78,69,70,79;70,151,160,79
70,151,160,79;70,151,152,71;151,160,161,152;160,79,80,161;79,70,71,80;71,152,161,80
71,152,161,80;71,152,153,72;152,161,162,153;161,80,81,162;80,71,72,81;72,153,162,81
82,163,172,91;82,163,164,83;163,172,173,164;172,91,92,173;91,82,83,92;83,164,173,92
83,164,173,92;83,164,165,84;164,173,174,165;173,92,93,174;92,83,84,93;84,165,174,93
84,165,174,93;84,165,166,85;165,174,175,166;174,93,94,175;93,84,85,94;85,166,175,94
85,166,175,94;85,166,167,86;166,175,176,167;175,94,95,176;94,85,86,95;86,167,176,95
86,167,176,95;86,167,168,87;167,176,177,168;176,95,96,177;95,86,87,96;87,168,177,96
87,168,177,96;87,168,169,88;168,177,178,169;177,96,97,178;96,87,88,97;88,169,178,97
88,169,178,97;88,169,170,89;169,178,179,170;178,97,98,179;97,88,89,98;89,170,179,98
89,170,179,98;89,170,171,90;170,179,180,171;179,98,99,180;98,89,90,99;90,171,180,99
91,172,181,100;91,172,173,92;172,181,182,173;181,100,101,182;100,91,92,101;92,173,182,101
92,173,182,101;92,173,174,93;173,182,183,174;182,101,102,183;101,92,93,102;93,174,183,102
93,174,183,102;93,174,175,94;174,183,184,175;183,102,103,184;102,93,94,103;94,175,184,103
94,175,184,103;94,175,176,95;175,184,185,176;184,103,104,185;103,94,95,104;95,176,185,104
95,176,185,104;95,176,177,96;176,185,186,177;185,104,105,186;104,95,96,105;96,177,186,105
96,177,186,105;96,177,178,97;177,186,187,178;186,105,106,187;105,96,97,106;97,178,187,106
97,178,187,106;97,178,179,98;178,187,188,179;187,106,107,188;106,97,98,107;98,179,188,107
98,179,188,107;98,179,180,99;179,188,189,180;188,107,108,189;107,98,99,108;99,180,189,108
100,181,190,109;100,181,182,101;181,190,191,182;190,109,110,191;109,100,101,110;101,182,191,110
101,182,191,110;101,182,183,102;182,191,192,183;191,110,111,192;110,101,102,111;102,183,192,111
102,183,192,111;102,183,184,103;183,192,193,184;192,111,112,193;111,102,103,112;103,184,193,112
103,184,193,112;103,184,185,104;184,193,194,185;193,112,113,194;112,103,104,113;104,185,194,113
104,185,194,113;104,185,186,105;185,194,195,186;194,113,114,195;113,104,105,114;105,186,195,114
105,186,195,114;105,186,187,106;186,195,196,187;195,114,115,196;114,105,106,115;106,187,196,115
106,187,196,115;106,187,188,107;187,196,197,188;196,115,116,197;115,106,107,116;107,188,197,116
107,188,197,116;107,188,189,108;188,197,198,189;197,116,117,198;116,107,108,117;108,189,198,117
109,190,199,118;109,190,191,110;190,199,200,191;199,118,119,200;118,109,110,119;110,191,200,119
110,191,200,119;110,191,192,111;191,200,201,192;200,119,120,201;119,110,111,120;111,192,201,120
111,192,201,120;111,192,193,112;192,201,202,193;201,120,121,202;120,111,112,121;112,193,202,121
112,193,202,121;112,193,194,113;193,202,203,194;202,121,122,203;121,112,113,122;113,194,203,122
113,194,203,122;113,194,195,114;194,203,204,195;203,122,123,204;122,113,114,123;114,195,204,123
114,195,204,123;114,195,196,115;195,204,205,196;204,123,124,205;123,114,115,124;115,196,205,124
115,196,205,124;115,196,197,116;196,205,206,197;205,124,125,206;124,115,116,125;116,197,206,125
116,197,206,125;116,197,198,117;197,206,207,198;206,125,126,207;125,116,117,126;117,198,207,126
118,199,208,127;118,199,200,119;199,208,209,200;208,127,128,209;127,118,119,128;119,200,209,128
119,200,209,128;119,200,201,120;200,209,210,201;209,128,129,210;128,119,120,129;120,201,210,129
120,201,210,129;120,201,202,121;201,210,211,202;210,129,130,211;129,120,121,130;121,202,211,130
121,202,211,130;121,202,203,122;202,211,212,203;211,130,131,212;130,121,122,131;122,203,212,131
122,203,212,131;122,203,204,123;203,212,213,204;212,131,132,213;131,122,123,132;123,204,213,132
123,204,213,132;123,204,205,124;204,213,214,205;213,132,133,214;132,123,124,133;124,205,214,133
124,205,214,133;124,205,206,125;205,214,215,206;214,133,134,215;133,124,125,134;125,206,215,134
125,206,215,134;125,206,207,126;206,215,216,207;215,134,135,216;134,125,126,135;126,207,216,135
127,208,217,136;127,208,209,128;208,217,218,209;217,136,137,218;136,127,128,137;128,209,218,137
128,209,218,137;128,209,210,129;209,218,219,210;218,137,138,219;137,128,129,138;129,210,219,138
129,210,219,138;129,210,211,130;210,219,220,211;219,138,139,220;138,129,130,139;130,211,220,139
130,211,220,139;130,211,212,131;211,220,221,212;220,139,140,221;139,130,131,140;131,212,221,140
131,212,221,140;131,212,213,132;212,221,222,213;221,140,141,222;140,131,132,141;132,213,222,141
132,213,222,141;132,213,214,133;213,222,223,214;222,141,142,223;141,132,133,142;133,214,223,142
133,214,223,142;133,214,215,134;214,223,224,215;223,142,143,224;142,133,134,143;134,215,224,143
134,215,224,143;134,215,216,135;215,224,225,216;224,143,144,225;143,134,135,144;135,216,225,144
136,217,226,145;136,217,218,137;217,226,227,218;226,145,146,227;145,136,137,146;137,218,227,146
137,218,227,146;137,218,219,138;218,227,228,219;227,146,147,228;146,137,138,147;138,219,228,147
138,219,228,147;138,219,220,139;219,228,229,220;228,147,148,229;147,138,139,148;139,220,229,148
139,220,229,148;139,220,221,140;220,229,230,221;229,148,149,230;148,139,140,149;140,221,230,149
140,221,230,149;140,221,222,141;221,230,231,222;230,149,150,231;149,140,141,150;141,222,231,150
141,222,231,150;141,222,223,142;222,231,232,223;231,150,151,232;150,141,142,151;142,223,232,151
142,223,232,151;142,223,224,143;223,232,233,224;232,151,152,233;151,142,143,152;143,224,233,152
143,224,233,152;143,224,225,144;224,233,234,225;233,152,153,234;152,143,144,153;144,225,234,153
145,226,235,154;145,226,227,146;226,235,236,227;235,154,155,236;154,145,146,155;146,227,236,155
146,227,236,155;146,227,228,147;227,236,237,228;236,155,156,237;155,146,147,156;147,228,237,156
147,228,237,156;147,228,229,148;228,237,238,229;237,156,157,238;156,147,148,157;148,229,238,157
148,229,238,157;148,229,230,149;229,238,239,230;238,157,158,239;157,148,149,158;149,230,239,158
149,230,239,158;149,230,231,150;230,239,240,231;239,158,159,240;158,149,150,159;150,231,240,159
150,231,240,159;150,231,232,151;231,240,241,232;240,159,160,241;159,150,151,160;151,232,241,160
151,232,241,160;151,232,233,152;232,241,242,233;241,160,161,242;160,151,152,161;152,233,242,161
152,233,242,161;152,233,234,153;233,242,243,234;242,161,162,243;161,152,153,162;153,234,243,162
163,244,253,172;163,244,245,164;244,253,254,245;253,172,173,254;172,163,164,173;164,245,254,173
164,245,254,173;164,245,246,165;245,254,255,246;254,173,174,255;173,164,165,174;165,246,255,174
165,246,255,174;165,246,247,166;246,255,256,247;255,174,175,256;174,165,166,175;166,247,256,175
166,247,256,175;166,247,248,167;247,256,257,248;256,175,176,257;175,166,167,176;167,248,257,176
167,248,257,176;167,248,249,168;248,257,258,249;257,176,177,258;176,167,168,177;168,249,258,177
168,249,258,177;168,249,250,169;249,258,259,250;258,177,178,259;177,168,169,178;169,250,259,178
169,250,259,178;169,250,251,170;250,259,260,251;259,178,179,260;178,169,170,179;170,251,260,179
170,251,260,179;170,251,252,171;251,260,261,252;260,179,180,261;179,170,171,180;171,252,261,180
172,253,262,181;172,253,254,173;253,262,263,254;262,181,182,263;181,172,173,182;173,254,263,182
173,254,263,182;173,254,255,174;254,263,264,255;263,182,183,264;182,173,174,183;174,255,264,183
174,255,264,183;174,255,256,175;255,264,265,256;264,183,184,265;183,174,175,184;175,256,265,184
175,256,265,184;175,256,257,176;256,265,266,257;265,184,185,266;184,175,176,185;176,257,266,185
176,257,266,185;176,257,258,177;257,266,267,258;266,185,186,267;185,176,177,186;177,258,267,186
177,258,267,186;177,258,259,178;258,267,268,259;267,186,187,268;186,177,178,187;178,259,268,187
178,259,268,187;178,259,260,179;259,268,269,260;268,187,188,269;187,178,179,188;179,260,269,188
179,260,269,188;179,260,261,180;260,269,270,261;269,188,189,270;188,179,180,189;180,261,270,189
181,262,271,190;181,262,263,182;262,271,272,263;271,190,191,272;190,181,182,191;182,263,272,191
182,263,272,191;182,263,264,183;263,272,273,264;272,191,192,273;191,182,183,192;183,264,273,192
183,264,273,192;183,264,265,184;264,273,274,265;273,192,193,274;192,183,184,193;184,265,274,193
184,265,274,193;184,265,266,185;265,274,275,266;274,193,194,275;193,184,185,194;185,266,275,194
185,266,275,194;185,266,267,186;266,275,276,267;275,194,195,276;194,185,186,195;186,267,276,195
186,267,276,195;186,267,268,187;267,276,277,268;276,195,196,277;195,186,187,196;187,268,277,196
187,268,277,196;187,268,269,188;268,277,278,269;277,196,197,278;196,187,188,197;188,269,278,197
188,269,278,197;188,269,270,189;269,278,279,270;278,197,198,279;197,188,189,198;189,270,279,198
190,271,280,199;190,271,272,191;271,280,281,272;280,199,200,281;199,190,191,200;191,272,281,200
191,272,281,200;191,272,273,192;272,281,282,273;281,200,201,282;200,191,192,201;192,273,282,201
192,273,282,201;192,273,274,193;273,282,283,274;282,201,202,283;201,192,193,202;193,274,283,202
193,274,283,202;193,274,275,194;274,283,284,275;283,202,203,284;202,193,194,203;194,275,284,203
194,275,284,203;194,275,276,195;275,284,285,276;284,203,204,285;203,194,195,204;195,276,285,204
195,276,285,204;195,276,277,196;276,285,286,277;285,204,205,286;204,195,196,205;196,277,286,205
196,277,286,205;196,277,278,197;277,286,287,278;286,205,206,287;205,196,197,206;197,278,287,206
197,278,287,206;197,278,279,198;278,287,288,279;287,206,207,288;206,197,198,207;198,279,288,207
199,280,289,208;199,280,281,200;280,289,290,281;289,208,209,290;208,199,200,209;200,281,290,209
200,281,290,209;200,281,282,201;281,290,291,282;290,209,210,291;209,200,201,210;201,282,291,210
201,282,291,210;201,282,283,202;282,291,292,283;291,210,211,292;210,201,202,211;202,283,292,211
202,283,292,211;202,283,284,203;283,292,293,284;292,211,212,293;211,202,203,212;203,284,293,212
203,284,293,212;203,284,285,204;284,293,294,285;293,212,213,294;212,203,204,213;204,285,294,213
204,285,294,213;204,285,286,205;285,294,295,286;294,213,214,295;213,204,205,214;205,286,295,214
205,286,295,214;205,286,287,206;286,295,296,287;295,214,215,296;214,205,206,215;206,287,296,215
206,287,296,215;206,287,288,207;287,296,297,288;296,215,216,297;215,206,207,216;207,288,297,216
208,289,298,217;208,289,290,209;289,298,299,290;298,217,218,299;217,208,209,218;209,290,299,218
209,290,299,218;209,290,291,210;290,299,300,291;299,218,219,300;218,209,210,219;210,291,300,219
210,291,300,219;210,291,292,211;291,300,301,292;300,219,220,301;219,210,211,220;211,292,301,220
211,292,301,220;211,292,293,212;292,301,302,293;301,220,221,302;220,211,212,221;212,293,302,221
212,293,302,221;212,293,294,213;293,302,303,294;302,221,222,303;221,212,213,222;213,294,303,222
213,294,303,222;213,294,295,214;294,303,304,295;303,222,223,304;222,213,214,223;214,295,304,223
214,295,304,223;214,295,296,215;295,304,305,296;304,223,224,305;223,214,215,224;215,296,305,224
215,296,305,224;215,296,297,216;296,305,306,297;305,224,225,306;224,215,216,225;216,297,306,225
217,298,307,226;217,298,299,218;298,307,308,299;307,226,227,308;226,217,218,227;218,299,308,227
218,299,308,227;218,299,300,219;299,308,309,300;308,227,228,309;227,218,219,228;219,300,309,228
219,300,309,228;219,300,301,220;300,309,310,301;309,228,229,310;228,219,220,229;220,301,310,229
220,301,310,229;220,301,302,221;301,310,311,302;310,229,230,311;229,220,221,230;221,302,311,230
221,302,311,230;221,302,303,222;302,311,312,303;311,230,231,312;230,221,222,231;222,303,312,231
222,303,312,231;222,303,304,223;303,312,313,304;312,231,232,313;231,222,223,232;223,304,313,232
223,304,313,232;223,304,305,224;304,313,314,305;313,232,233,314;232,223,224,233;224,305,314,233
224,305,314,233;224,305,306,225;305,314,315,306;314,233,234,315;233,224,225,234;225,306,315,234
226,307,316,235;226,307,308,227;307,316,317,308;316,235,236,317;235,226,227,236;227,308,317,236
227,308,317,236;227,308,309,228;308,317,318,309;317,236,237,318;236,227,228,237;228,309,318,237
228,309,318,237;228,309,310,229;309,318,319,310;318,237,238,319;237,228,229,238;229,310,319,238
229,310,319,238;229,310,311,230;310,319,320,311;319,238,239,320;238,229,230,239;230,311,320,239
230,311,320,239;230,311,312,231;311,320,321,312;320,239,240,321;239,230,231,240;231,312,321,240
231,312,321,240;231,312,313,232;312,321,322,313;321,240,241,322;240,231,232,241;232,313,322,241
232,313,322,241;232,313,314,233;313,322,323,314;322,241,242,323;241,232,233,242;233,314,323,242
233,314,323,242;233,314,315,234;314,323,324,315;323,242,243,324;242,233,234,243;234,315,324,243
244,325,334,253;244,325,326,245;325,334,335,326;334,253,254,335;253,244,245,254;245,326,335,254
245,326,335,254;245,326,327,246;326,335,336,327;335,254,255,336;254,245,246,255;246,327,336,255
246,327,336,255;246,327,328,247;327,336,337,328;336,255,256,337;255,246,247,256;247,328,337,256
247,328,337,256;247,328,329,248;328,337,338,329;337,256,257,338;256,247,248,257;248,329,338,257
248,329,338,257;248,329,330,249;329,338,339,330;338,257,258,339;257,248,249,258;249,330,339,258
249,330,339,258;249,330,331,250;330,339,340,331;339,258,259,340;258,249,250,259;250,331,340,259
250,331,340,259;250,331,332,251;331,340,341,332;340,259,260,341;259,250,251,260;251,332,341,260
251,332,341,260;251,332,333,252;332,341,342,333;341,260,261,342;260,251,252,261;252,333,342,261
253,334,343,262;253,334,335,254;334,343,344,335;343,262,263,344;262,253,254,263;254,335,344,263
254,335,344,263;254,335,336,255;335,344,345,336;344,263,264,345;263,254,255,264;255,336,345,264
255,336,345,264;255,336,337,256;336,345,346,337;345,264,265,346;264,255,256,265;256,337,346,265
256,337,346,265;256,337,338,257;337,346,347,338;346,265,266,347;265,256,257,266;257,338,347,266
257,338,347,266;257,338,339,258;338,347,348,339;347,266,267,348;266,257,258,267;258,339,348,267
258,339,348,267;258,339,340,259;339,348,349,340;348,267,268,349;267,258,259,268;259,340,349,268
259,340,349,268;259,340,341,260;340,349,350,341;349,268,269,350;268,259,260,269;260,341,350,269
260,341,350,269;260,341,342,261;341,350,351,342;350,269,270,351;269,260,261,270;261,342,351,270
262,343,352,271;262,343,344,263;343,352,353,344;352,271,272,353;271,262,263,272;263,344,353,272
263,344,353,272;263,344,345,264;344,353,354,345;353,272,273,354;272,263,264,273;264,345,354,273
264,345,354,273;264,345,346,265;345,354,355,346;354,273,274,355;273,264,265,274;265,346,355,274
265,346,355,274;265,346,347,266;346,355,356,347;355,274,275,356;274,265,266,275;266,347,356,275
266,347,356,275;266,347,348,267;347,356,357,348;356,275,276,357;275,266,267,276;267,348,357,276
267,348,357,276;267,348,349,268;348,357,358,349;357,276,277,358;276,267,268,277;268,349,358,277
268,349,358,277;268,349,350,269;349,358,359,350;358,277,278,359;277,268,269,278;269,350,359,278
269,350,359,278;269,350,351,270;350,359,360,351;359,278,279,360;278,269,270,279;270,351,360,279
271,352,361,280;271,352,353,272;352,361,362,353;361,280,281,362;280,271,272,281;272,353,362,281
272,353,362,281;272,353,354,273;353,362,363,354;362,281,282,363;281,272,273,282;273,354,363,282
273,354,363,282;273,354,355,274;354,363,364,355;363,282,283,364;282,273,274,283;274,355,364,283
274,355,364,283;274,355,356,275;355,364,365,356;364,283,284,365;283,274,275,284;275,356,365,284
275,356,365,284;275,356,357,276;356,365,366,357;365,284,285,366;284,275,276,285;276,357,366,285
276,357,366,285;276,357,358,277;357,366,367,358;366,285,286,367;285,276,277,286;277,358,367,286
277,358,367,286;277,358,359,278;358,367,368,359;367,286,287,368;286,277,278,287;278,359,368,287
278,359,368,287;278,359,360,279;359,368,369,360;368,287,288,369;287,278,279,288;279,360,369,288
280,361,370,289;280,361,362,281;361,370,371,362;370,289,290,371;289,280,281,290;281,362,371,290
281,362,371,290;281,362,363,282;362,371,372,363;371,290,291,372;290,281,282,291;282,363,372,291
282,363,372,291;282,363,364,283;363,372,373,364;372,291,292,373;291,282,283,292;283,364,373,292
283,364,373,292;283,364,365,284;364,373,374,365;373,292,293,374;292,283,284,293;284,365,374,293
284,365,374,293;284,365,366,285;365,374,375,366;374,293,294,375;293,284,285,294;285,366,375,294
285,366,375,294;285,366,367,286;366,375,376,367;375,294,295,376;294,285,286,295;286,367,376,295
286,367,376,295;286,367,368,287;367,376,377,368;376,295,296,377;295,286,287,296;287,368,377,296
287,368,377,296;287,368,369,288;368,377,378,369;377,296,297,378;296,287,288,297;288,369,378,297
289,370,379,298;289,370,371,290;370,379,380,371;379,298,299,380;298,289,290,299;290,371,380,299
290,371,380,299;290,371,372,291;371,380,381,372;380,299,300,381;299,290,291,300;291,372,381,300
291,372,381,300;291,372,373,292;372,381,382,373;381,300,301,382;300,291,292,301;292,373,382,301
292,373,382,301;292,373,374,293;373,382,383,374;382,301,302,383;301,292,293,302;293,374,383,302
293,374,383,302;293,374,375,294;374,383,384,375;383,302,303,384;302,293,294,303;294,375,384,303
294,375,384,303;294,375,376,295;375,384,385,376;384,303,304,385;303,294,295,304;295,376,385,304
295,376,385,304;295,376,377,296;376,385,386,377;385,304,305,386;304,295,296,305;296,377,386,305
296,377,386,305;296,377,378,297;377,386,387,378;386,305,306,387;305,296,297,306;297,378,387,306
298,379,388,307;298,379,380,299;379,388,389,380;388,307,308,389;307,298,299,308;299,380,389,308
299,380,389,308;299,380,381,300;380,389,390,381;389,308,309,390;308,299,300,309;300,381,390,309
300,381,390,309;300,381,382,301;381,390,391,382;390,309,310,391;309,300,301,310;301,382,391,310
301,382,391,310;301,382,383,302;382,391,392,383;391,310,311,392;310,301,302,311;302,383,392,311
302,383,392,311;302,383,384,303;383,392,393,384;392,311,312,393;311,302,303,312;303,384,393,312
303,384,393,312;303,384,385,304;384,393,394,385;393,312,313,394;312,303,304,313;304,385,394,313
304,385,394,313;304,385,386,305;385,394,395,386;394,313,314,395;313,304,305,314;305,386,395,314
305,386,395,314;305,386,387,306;386,395,396,387;395,314,315,396;314,305,306,315;306,387,396,315
307,388,397,316;307,388,389,308;388,397,398,389;397,316,317,398;316,307,308,317;308,389,398,317
308,389,398,317;308,389,390,309;389,398,399,390;398,317,318,399;317,308,309,318;309,390,399,318
309,390,399,318;309,390,391,310;390,399,400,391;399,318,319,400;318,309,310,319;310,391,400,319
310,391,400,319;310,391,392,311;391,400,401,392;400,319,320,401;319,310,311,320;311,392,401,320
311,392,401,320;311,392,393,312;392,401,402,393;401,320,321,402;320,311,312,321;312,393,402,321
312,393,402,321;312,393,394,313;393,402,403,394;402,321,322,403;321,312,313,322;313,394,403,322
313,394,403,322;313,394,395,314;394,403,404,395;403,322,323,404;322,313,314,323;314,395,404,323
314,395,404,323;314,395,396,315;395,404,405,396;404,323,324,405;323,314,315,324;315,396,405,324
325,406,415,334;325,406,407,326;406,415,416,407;415,334,335,416;334,325,326,335;326,407,416,335
326,407,416,335;326,407,408,327;407,416,417,408;416,335,336,417;335,326,327,336;327,408,417,336
327,408,417,336;327,408,409,328;408,417,418,409;417,336,337,418;336,327,328,337;328,409,418,337
328,409,418,337;328,409,410,329;409,418,419,410;418,337,338,419;337,328,329,338;329,410,419,338
329,410,419,338;329,410,411,330;410,419,420,411;419,338,339,420;338,329,330,339;330,411,420,339
330,411,420,339;330,411,412,331;411,420,421,412;420,339,340,421;339,330,331,340;331,412,421,340
331,412,421,340;331,412,413,332;412,421,422,413;421,340,341,422;340,331,332,341;332,413,422,341
332,413,422,341;332,413,414,333;413,422,423,414;422,341,342,423;341,332,333,342;333,414,423,342
334,415,424,343;334,415,416,335;415,424,425,416;424,343,344,425;343,334,335,344;335,416,425,344
335,416,425,344;335,416,417,336;416,425,426,417;425,344,345,426;344,335,336,345;336,417,426,345
336,417,426,345;336,417,418,337;417,426,427,418;426,345,346,427;345,336,337,346;337,418,427,346
337,418,427,346;337,418,419,338;418,427,428,419;427,346,347,428;346,337,338,347;338,419,428,347
338,419,428,347;338,419,420,339;419,428,429,420;428,347,348,429;347,338,339,348;339,420,429,348
339,420,429,348;339,420,421,340;420,429,430,421;429,348,349,430;348,339,340,349;340,421,430,349
340,421,430,349;340,421,422,341;421,430,431,422;430,349,350,431;349,340,341,350;341,422,431,350
341,422,431,350;341,422,423,342;422,431,432,423;431,350,351,432;350,341,342,351;342,423,432,351
343,424,433,352;343,424,425,344;424,433,434,425;433,352,353,434;352,343,344,353;344,425,434,353
344,425,434,353;344,425,426,345;425,434,435,426;434,353,354,435;353,344,345,354;345,426,435,354
345,426,435,354;345,426,427,346;426,435,436,427;435,354,355,436;354,345,346,355;346,427,436,355
346,427,436,355;346,427,428,347;427,436,437,428;436,355,356,437;355,346,347,356;347,428,437,356
347,428,437,356;347,428,429,348;428,437,438,429;437,356,357,438;356,347,348,357;348,429,438,357
348,429,438,357;348,429,430,349;429,438,439,430;438,357,358,439;357,348,349,358;349,430,439,358
349,430,439,358;349,430,431,350;430,439,440,431;439,358,359,440;358,349,350,359;350,431,440,359
350,431,440,359;350,431,432,351;431,440,441,432;440,359,360,441;359,350,351,360;351,432,441,360
352,433,442,361;352,433,434,353;433,442,443,434;442,361,362,443;361,352,353,362;353,434,443,362
353,434,443,362;353,434,435,354;434,443,444,435;443,362,363,444;362,353,354,363;354,435,444,363
354,435,444,363;354,435,436,355;435,444,445,436;444,363,364,445;363,354,355,364;355,436,445,364
355,436,445,364;355,436,437,356;436,445,446,437;445,364,365,446;364,355,356,365;356,437,446,365
356,437,446,365;356,437,438,357;437,446,447,438;446,365,366,447;365,356,357,366;357,438,447,366
357,438,447,366;357,438,439,358;438,447,448,439;447,366,367,448;366,357,358,367;358,439,448,367
358,439,448,367;358,439,440,359;439,448,449,440;448,367,368,449;367,358,359,368;359,440,449,368
359,440,449,368;359,440,441,360;440,449,450,441;449,368,369,450;368,359,360,369;360,441,450,369
361,442,451,370;361,442,443,362;442,451,452,443;451,370,371,452;370,361,362,371;362,443,452,371
362,443,452,371;362,443,444,363;443,452,453,444;452,371,372,453;371,362,363,372;363,444,453,372
363,444,453,372;363,444,445,364;444,453,454,445;453,372,373,454;372,363,364,373;364,445,454,373
364,445,454,373;364,445,446,365;445,454,455,446;454,373,374,455;373,364,365,374;365,446,455,374
365,446,455,374;365,446,447,366;446,455,456,447;455,374,375,456;374,365,366,375;366,447,456,375
366,447,456,375;366,447,448,367;447,456,457,448;456,375,376,457;375,366,367,376;367,448,457,376
367,448,457,376;367,448,449,368;448,457,458,449;457,376,377,458;376,367,368,377;368,449,458,377
368,449,458,377;368,449,450,369;449,458,459,450;458,377,378,459;377,368,369,378;369,450,459,378
370,451,460,379;370,451,452,371;451,460,461,452;460,379,380,461;379,370,371,380;371,452,461,380
371,452,461,380;371,452,453,372;452,461,462,453;461,380,381,462;380,371,372,381;372,453,462,381
372,453,462,381;372,453,454,373;453,462,463,454;462,381,382,463;381,372,373,382;373,454,463,382
373,454,463,382;373,454,455,374;454,463,464,455;463,382,383,464;382,373,374,383;374,455,464,383
374,455,464,383;374,455,456,375;455,464,465,456;464,383,384,465;383,374,375,384;375,456,465,384
375,456,465,384;375,456,457,376;456,465,466,457;465,384,385,466;384,375,376,385;376,457,466,385
376,457,466,385;376,457,458,377;457,466,467,458;466,385,386,467;385,376,377,386;377,458,467,386
377,458,467,386;377,458,459,378;458,467,468,459;467,386,387,468;386,377,378,387;378,459,468,387
379,460,469,388;379,460,461,380;460,469,470,461;469,388,389,470;388,379,380,389;380,461,470,389
380,461,470,389;380,461,462,381;461,470,471,462;470,389,390,471;389,380,381,390;381,462,471,390
381,462,471,390;381,462,463,382;462,471,472,463;471,390,391,472;390,381,382,391;382,463,472,391
382,463,472,391;382,463,464,383;463,472,473,464;472,391,392,473;391,382,383,392;383,464,473,392
383,464,473,392;383,464,465,384;464,473,474,465;473,392,393,474;392,383,384,393;384,465,474,393
384,465,474,393;384,465,466,385;465,474,475,466;474,393,394,475;393,384,385,394;385,466,475,394
385,466,475,394;385,466,467,386;466,475,476,467;475,394,395,476;394,385,386,395;386,467,476,395
386,467,476,395;386,467,468,387;467,476,477,468;476,395,396,477;395,386,387,396;387,468,477,396
388,469,478,397;388,469,470,389;469,478,479,470;478,397,398,479;397,388,389,398;389,470,479,398
389,470,479,398;389,470,471,390;470,479,480,471;479,398,399,480;398,389,390,399;390,471,480,399
390,471,480,399;390,471,472,391;471,480,481,472;480,399,400,481;399,390,391,400;391,472,481,400
391,472,481,400;391,472,473,392;472,481,482,473;481,400,401,482;400,391,392,401;392,473,482,401
392,473,482,401;392,473,474,393;473,482,483,474;482,401,402,483;401,392,393,402;393,474,483,402
393,474,483,402;393,474,475,394;474,483,484,475;483,402,403,484;402,393,394,403;394,475,484,403
394,475,484,403;394,475,476,395;475,484,485,476;484,403,404,485;403,394,395,404;395,476,485,404
395,476,485,404;395,476,477,396;476,485,486,477;485,404,405,486;404,395,396,405;396,477,486,405
406,487,496,415;406,487,488,407;487,496,497,488;496,415,416,497;415,406,407,416;407,488,497,416
407,488,497,416;407,488,489,408;488,497,498,489;497,416,417,498;416,407,408,417;408,489,498,417
408,489,498,417;408,489,490,409;489,498,499,490;498,417,418,499;417,408,409,418;409,490,499,418
409,490,499,418;409,490,491,410;490,499,500,491;499,418,419,500;418,409,410,419;410,491,500,419
410,491,500,419;410,491,492,411;491,500,501,492;500,419,420,501;419,410,411,420;411,492,501,420
411,492,501,420;411,492,493,412;492,501,502,493;501,420,421,502;420,411,412,421;412,493,502,421
412,493,502,421;412,493,494,413;493,502,503,494;502,421,422,503;421,412,413,422;413,494,503,422
413,494,503,422;413,494,495,414;494,503,504,495;503,422,423,504;422,413,414,423;414,495,504,423
415,496,505,424;415,496,497,416;496,505,506,497;505,424,425,506;424,415,416,425;416,497,506,425
416,497,506,425;416,497,498,417;497,506,507,498;506,425,426,507;425,416,417,426;417,498,507,426
417,498,507,426;417,498,499,418;498,507,508,499;507,426,427,508;426,417,418,427;418,499,508,427
418,499,508,427;418,499,500,419;499,508,509,500;508,427,428,509;427,418,419,428;419,500,509,428
419,500,509,428;419,500,501,420;500,509,510,501;509,428,429,510;428,419,420,429;420,501,510,429
420,501,510,429;420,501,502,421;501,510,511,502;510,429,430,511;429,420,421,430;421,502,511,430
421,502,511,430;421,502,503,422;502,511,512,503;511,430,431,512;430,421,422,431;422,503,512,431
422,503,512,431;422,503,504,423;503,512,513,504;512,431,432,513;431,422,423,432;423,504,513,432
424,505,514,433;424,505,506,425;505,514,515,506;514,433,434,515;433,424,425,434;425,506,515,434
425,506,515,434;425,506,507,426;506,515,516,507;515,434,435,516;434,425,426,435;426,507,516,435
426,507,516,435;426,507,508,427;507,516,517,508;516,435,436,517;435,426,427,436;427,508,517,436
427,508,517,436;427,508,509,428;508,517,518,509;517,436,437,518;436,427,428,437;428,509,518,437
428,509,518,437;428,509,510,429;509,518,519,510;518,437,438,519;437,428,429,438;429,510,519,438
429,510,519,438;429,510,511,430;510,519,520,511;519,438,439,520;438,429,430,439;430,511,520,439
430,511,520,439;430,511,512,431;511,520,521,512;520,439,440,521;439,430,431,440;431,512,521,440
431,512,521,440;431,512,513,432;512,521,522,513;521,440,441,522;440,431,432,441;432,513,522,441
433,514,523,442;433,514,515,434;514,523,524,515;523,442,443,524;442,433,434,443;434,515,524,443
434,515,524,443;434,515,516,435;515,524,525,516;524,443,444,525;443,434,435,444;435,516,525,444
435,516,525,444;435,516,517,436;516,525,526,517;525,444,445,526;444,435,436,445;436,517,526,445
436,517,526,445;436,517,518,437;517,526,527,518;526,445,446,527;445,436,437,446;437,518,527,446
437,518,527,446;437,518,519,438;518,527,528,519;527,446,447,528;446,437,438,447;438,519,528,447
438,519,528,447;438,519,520,439;519,528,529,520;528,447,448,529;447,438,439,448;439,520,529,448
439,520,529,448;439,520,521,440;520,529,530,521;529,448,449,530;448,439,440,449;440,521,530,449
440,521,530,449;440,521,522,441;521,530,531,522;530,449,450,531;449,440,441,450;441,522,531,450
442,523,532,451;442,523,524,443;523,532,533,524;532,451,452,533;451,442,443,452;443,524,533,452
443,524,533,452;443,524,525,444;524,533,534,525;533,452,453,534;452,443,444,453;444,525,534,453
444,525,534,453;444,525,526,445;525,534,535,526;534,453,454,535;453,444,445,454;445,526,535,454
445,526,535,454;445,526,527,446;526,535,536,527;535,454,455,536;454,445,446,455;446,527,536,455
446,527,536,455;446,527,528,447;527,536,537,528;536,455,456,537;455,446,447,456;447,528,537,456
447,528,537,456;447,528,529,448;528,537,538,529;537,456,457,538;456,447,448,457;448,529,538,457
448,529,538,457;448,529,530,449;529,538,539,530;538,457,458,539;457,448,449,458;449,530,539,458
449,530,539,458;449,530,531,450;530,539,540,531;539,458,459,540;458,449,450,459;450,531,540,459
451,532,541,460;451,532,533,452;532,541,542,533;541,460,461,542;460,451,452,461;452,533,542,461
452,533,542,461;452,533,534,453;533,542,543,534;542,461,462,543;461,452,453,462;453,534,543,462
453,534,543,462;453,534,535,454;534,543,544,535;543,462,463,544;462,453,454,463;454,535,544,463
454,535,544,463;454,535,536,455;535,544,545,536;544,463,464,545;463,454,455,464;455,536,545,464
455,536,545,464;455,536,537,456;536,545,546,537;545,464,465,546;464,455,456,465;456,537,546,465
456,537,546,465;456,537,538,457;537,546,547,538;546,465,466,547;465,456,457,466;457,538,547,466
457,538,547,466;457,538,539,458;538,547,548,539;547,466,467,548;466,457,458,467;458,539,548,467
458,539,548,467;458,539,540,459;539,548,549,540;548,467,468,549;467,458,459,468;459,540,549,468
460,541,550,469;460,541,542,461;541,550,551,542;550,469,470,551;469,460,461,470;461,542,551,470
461,542,551,470;461,542,543,462;542,551,552,543;551,470,471,552;470,461,462,471;462,543,552,471
462,543,552,471;462,543,544,463;543,552,553,544;552,471,472,553;471,462,463,472;463,544,553,472
463,544,553,472;463,544,545,464;544,553,554,545;553,472,473,554;472,463,464,473;464,545,554,473
464,545,554,473;464,545,546,465;545,554,555,546;554,473,474,555;473,464,465,474;465,546,555,474
465,546,555,474;465,546,547,466;546,555,556,547;555,474,475,556;474,465,466,475;466,547,556,475
466,547,556,475;466,547,548,467;547,556,557,548;556,475,476,557;475,466,467,476;467,548,557,476
467,548,557,476;467,548,549,468;548,557,558,549;557,476,477,558;476,467,468,477;468,549,558,477
469,550,559,478;469,550,551,470;550,559,560,551;559,478,479,560;478,469,470,479;470,551,560,479
470,551,560,479;470,551,552,471;551,560,561,552;560,479,480,561;479,470,471,480;471,552,561,480
471,552,561,480;471,552,553,472;552,561,562,553;561,480,481,562;480,471,472,481;472,553,562,481
472,553,562,481;472,553,554,473;553,562,563,554;562,481,482,563;481,472,473,482;473,554,563,482
473,554,563,482;473,554,555,474;554,563,564,555;563,482,483,564;482,473,474,483;474,555,564,483
474,555,564,483;474,555,556,475;555,564,565,556;564,483,484,565;483,474,475,484;475,556,565,484
475,556,565,484;475,556,557,476;556,565,566,557;565,484,485,566;484,475,476,485;476,557,566,485
476,557,566,485;476,557,558,477;557,566,567,558;566,485,486,567;485,476,477,486;477,558,567,486
487,568,577,496;487,568,569,488;568,577,578,569;577,496,497,578;496,487,488,497;488,569,578,497
488,569,578,497;488,569,570,489;569,578,579,570;578,497,498,579;497,488,489,498;489,570,579,498
489,570,579,498;489,570,571,490;570,579,580,571;579,498,499,580;498,489,490,499;490,571,580,499
490,571,580,499;490,571,572,491;571,580,581,572;580,499,500,581;499,490,491,500;491,572,581,500
491,572,581,500;491,572,573,492;572,581,582,573;581,500,501,582;500,491,492,501;492,573,582,501
492,573,582,501;492,573,574,493;573,582,583,574;582,501,502,583;501,492,493,502;493,574,583,502
493,574,583,502;493,574,575,494;574,583,584,575;583,502,503,584;502,493,494,503;494,575,584,503
494,575,584,503;494,575,576,495;575,584,585,576;584,503,504,585;503,494,495,504;495,576,585,504
496,577,586,505;496,577,578,497;577,586,587,578;586,505,506,587;505,496,497,506;497,578,587,506
497,578,587,506;497,578,579,498;578,587,588,579;587,506,507,588;506,497,498,507;498,579,588,507
498,579,588,507;498,579,580,499;579,588,589,580;588,507,508,589;507,498,499,508;499,580,589,508
499,580,589,508;499,580,581,500;580,589,590,581;589,508,509,590;508,499,500,509;500,581,590,509
500,581,590,509;500,581,582,501;581,590,591,582;590,509,510,591;509,500,501,510;501,582,591,510
501,582,591,510;501,582,583,502;582,591,592,583;591,510,511,592;510,501,502,511;502,583,592,511
502,583,592,511;502,583,584,503;583,592,593,584;592,511,512,593;511,502,503,512;503,584,593,512
503,584,593,512;503,584,585,504;584,593,594,585;593,512,513,594;512,503,504,513;504,585,594,513
505,586,595,514;505,586,587,506;586,595,596,587;595,514,515,596;514,505,506,515;506,587,596,515
506,587,596,515;506,587,588,507;587,596,597,588;596,515,516,597;515,506,507,516;507,588,597,516
507,588,597,516;507,588,589,508;588,597,598,589;597,516,517,598;516,507,508,517;508,589,598,517
508,589,598,517;508,589,590,509;589,598,599,590;598,517,518,599;517,508,509,518;509,590,599,518
509,590,599,518;509,590,591,510;590,599,600,591;599,518,519,600;518,509,510,519;510,591,600,519
510,591,600,519;510,591,592,511;591,600,601,592;600,519,520,601;519,510,511,520;511,592,601,520
511,592,601,520;511,592,593,512;592,601,602,593;601,520,521,602;520,511,512,521;512,593,602,521
512,593,602,521;512,593,594,513;593,602,603,594;602,521,522,603;521,512,513,522;513,594,603,522
514,595,604,523;514,595,596,515;595,604,605,596;604,523,524,605;523,514,515,524;515,596,605,524
515,596,605,524;515,596,597,516;596,605,606,597;605,524,525,606;524,515,516,525;516,597,606,525
516,597,606,525;516,597,598,517;597,606,607,598;606,525,526,607;525,516,517,526;517,598,607,526
517,598,607,526;517,598,599,518;598,607,608,599;607,526,527,608;526,517,518,527;518,599,608,527
518,599,608,527;518,599,600,519;599,608,609,600;608,527,528,609;527,518,519,528;519,600,609,528
519,600,609,528;519,600,601,520;600,609,610,601;609,528,529,610;528,519,520,529;520,601,610,529
520,601,610,529;520,601,602,521;601,610,611,602;610,529,530,611;529,520,521,530;521,602,611,530
521,602,611,530;521,602,603,522;602,611,612,603;611,530,531,612;530,521,522,531;522,603,612,531
523,604,613,532;523,604,605,524;604,613,614,605;613,532,533,614;532,523,524,533;524,605,614,533
524,605,614,533;524,605,606,525;605,614,615,606;614,533,534,615;533,524,525,534;525,606,615,534
525,606,615,534;525,606,607,526;606,615,616,607;615,534,535,616;534,525,526,535;526,607,616,535
526,607,616,535;526,607,608,527;607,616,617,608;616,535,536,617;535,526,527,536;527,608,617,536
527,608,617,536;527,608,609,528;608,617,618,609;617,536,537,618;536,527,528,537;528,609,618,537
528,609,618,537;528,609,610,529;609,618,619,610;618,537,538,619;537,528,529,538;529,610,619,538
529,610,619,538;529,610,611,530;610,619,620,611;619,538,539,620;538,529,530,539;530,611,620,539
530,611,620,539;530,611,612,531;611,620,621,612;620,539,540,621;539,530,531,540;531,612,621,540
532,613,622,541;532,613,614,533;613,622,623,614;622,541,542,623;541,532,533,542;533,614,623,542
533,614,623,542;533,614,615,534;614,623,624,615;623,542,543,624;542,533,534,543;534,615,624,543
534,615,624,543;534,615,616,535;615,624,625,616;624,543,544,625;543,534,535,544;535,616,625,544
535,616,625,544;535,616,617,536;616,625,626,617;625,544,545,626;544,535,536,545;536,617,626,545
536,617,626,545;536,617,618,537;617,626,627,618;626,545,546,627;545,536,537,546;537,618,627,546
537,618,627,546;537,618,619,538;618,627,628,619;627,546,547,628;546,537,538,547;538,619,628,547
538,619,628,547;538,619,620,539;619,628,629,620;628,547,548,629;547,538,539,548;539,620,629,548
539,620,629,548;539,620,621,540;620,629,630,621;629,548,549,630;548,539,540,549;540,621,630,549
541,622,631,550;541,622,623,542;622,631,632,623;631,550,551,632;550,541,542,551;542,623,632,551
542,623,632,551;542,623,624,543;623,632,633,624;632,551,552,633;551,542,543,552;543,624,633,552
543,624,633,552;543,624,625,544;624,633,634,625;633,552,553,634;552,543,544,553;544,625,634,553
544,625,634,553;544,625,626,545;625,634,635,626;634,553,554,635;553,544,545,554;545,626,635,554
545,626,635,554;545,626,627,546;626,635,636,627;635,554,555,636;554,545,546,555;546,627,636,555
546,627,636,555;546,627,628,547;627,636,637,628;636,555,556,637;555,546,547,556;547,628,637,556
547,628,637,556;547,628,629,548;628,637,638,629;637,556,557,638;556,547,548,557;548,629,638,557
548,629,638,557;548,629,630,549;629,638,639,630;638,557,558,639;557,548,549,558;549,630,639,558
550,631,640,559;550,631,632,551;631,640,641,632;640,559,560,641;559,550,551,560;551,632,641,560
551,632,641,560;551,632,633,552;632,641,642,633;641,560,561,642;560,551,552,561;552,633,642,561
552,633,642,561;552,633,634,553;633,642,643,634;642,561,562,643;561,552,553,562;553,634,643,562
553,634,643,562;553,634,635,554;634,643,644,635;643,562,563,644;562,553,554,563;554,635,644,563
554,635,644,563;554,635,636,555;635,644,645,636;644,563,564,645;563,554,555,564;555,636,645,564
555,636,645,564;555,636,637,556;636,645,646,637;645,564,565,646;564,555,556,565;556,637,646,565
556,637,646,565;556,637,638,557;637,646,647,638;646,565,566,647;565,556,557,566;557,638,647,566
557,638,647,566;557,638,639,558;638,647,648,639;647,566,567,648;566,557,558,567;558,639,648,567
568,649,658,577;568,649,650,569;649,658,659,650;658,577,578,659;577,568,569,578;569,650,659,578
569,650,659,578;569,650,651,570;650,659,660,651;659,578,579,660;578,569,570,579;570,651,660,579
570,651,660,579;570,651,652,571;651,660,661,652;660,579,580,661;579,570,571,580;571,652,661,580
571,652,661,580;571,652,653,572;652,661,662,653;661,580,581,662;580,571,572,581;572,653,662,581
572,653,662,581;572,653,654,573;653,662,663,654;662,581,582,663;581,572,573,582;573,654,663,582
573,654,663,582;573,654,655,574;654,663,664,655;663,582,583,664;582,573,574,583;574,655,664,583
574,655,664,583;574,655,656,575;655,664,665,656;664,583,584,665;583,574,575,584;575,656,665,584
575,656,665,584;575,656,657,576;656,665,666,657;665,584,585,666;584,575,576,585;576,657,666,585
577,658,667,586;577,658,659,578;658,667,668,659;667,586,587,668;586,577,578,587;578,659,668,587
578,659,668,587;578,659,660,579;659,668,669,660;668,587,588,669;587,578,579,588;579,660,669,588
579,660,669,588;579,660,661,580;660,669,670,661;669,588,589,670;588,579,580,589;580,661,670,589
580,661,670,589;580,661,662,581;661,670,671,662;670,589,590,671;589,580,581,590;581,662,671,590
581,662,671,590;581,662,663,582;662,671,672,663;671,590,591,672;590,581,582,591;582,663,672,591
582,663,672,591;582,663,664,583;663,672,673,664;672,591,592,673;591,582,583,592;583,664,673,592
583,664,673,592;583,664,665,584;664,673,674,665;673,592,593,674;592,583,584,593;584,665,674,593
584,665,674,593;584,665,666,585;665,674,675,666;674,593,594,675;593,584,585,594;585,666,675,594
586,667,676,595;586,667,668,587;667,676,677,668;676,595,596,677;595,586,587,596;587,668,677,596
587,668,677,596;587,668,669,588;668,677,678,669;677,596,597,678;596,587,588,597;588,669,678,597
588,669,678,597;588,669,670,589;669,678,679,670;678,597,598,679;597,588,589,598;589,670,679,598
589,670,679,598;589,670,671,590;670,679,680,671;679,598,599,680;598,589,590,599;590,671,680,599
590,671,680,599;590,671,672,591;671,680,681,672;680,599,600,681;599,590,591,600;591,672,681,600
591,672,681,600;591,672,673,592;672,681,682,673;681,600,601,682;600,591,592,601;592,673,682,601
592,673,682,601;592,673,674,593;673,682,683,674;682,601,602,683;601,592,593,602;593,674,683,602
593,674,683,602;593,674,675,594;674,683,684,675;683,602,603,684;602,593,594,603;594,675,684,603
595,676,685,604;595,676,677,596;676,685,686,677;685,604,605,686;604,595,596,605;596,677,686,605
596,677,686,605;596,677,678,597;677,686,687,678;686,605,606,687;605,596,597,606;597,678,687,606
597,678,687,606;597,678,679,598;678,687,688,679;687,606,607,688;606,597,598,607;598,679,688,607
598,679,688,607;598,679,680,599;679,688,689,680;688,607,608,689;607,598,599,608;599,680,689,608
599,680,689,608;599,680,681,600;680,689,690,681;689,608,609,690;608,599,600,609;600,681,690,609
600,681,690,609;600,681,682,601;681,690,691,682;690,609,610,691;609,600,601,610;601,682,691,610
601,682,691,610;601,682,683,602;682,691,692,683;691,610,611,692;610,601,602,611;602,683,692,611
602,683,692,611;602,683,684,603;683,692,693,684;692,611,612,693;611,602,603,612;603,684,693,612
604,685,694,613;604,685,686,605;685,694,695,686;694,613,614,695;613,604,605,614;605,686,695,614
605,686,695,614;605,686,687,606;686,695,696,687;695,614,615,696;614,605,606,615;606,687,696,615
606,687,696,615;606,687,688,607;687,696,697,688;696,615,616,697;615,606,607,616;607,688,697,616
607,688,697,616;607,688,689,608;688,697,698,689;697,616,617,698;616,607,608,617;608,689,698,617
608,689,698,617;608,689,690,609;689,698,699,690;698,617,618,699;617,608,609,618;609,690,699,618
609,690,699,618;609,690,691,610;690,699,700,691;699,618,619,700;618,609,610,619;610,691,700,619
610,691,700,619;610,691,692,611;691,700,701,692;700,619,620,701;619,610,611,620;611,692,701,620
611,692,701,620;611,692,693,612;692,701,702,693;701,620,621,702;620,611,612,621;612,693,702,621
613,694,703,622;613,694,695,614;694,703,704,695;703,622,623,704;622,613,614,623;614,695,704,623
614,695,704,623;614,695,696,615;695,704,705,696;704,623,624,705;623,614,615,624;615,696,705,624
615,696,705,624;615,696,697,616;696,705,706,697;705,624,625,706;624,615,616,625;616,697,706,625
616,697,706,625;616,697,698,617;697,706,707,698;706,625,626,707;625,616,617,626;617,698,707,626
617,698,707,626;617,698,699,618;698,707,708,699;707,626,627,708;626,617,618,627;618,699,708,627
618,699,708,627;618,699,700,619;699,708,709,700;708,627,628,709;627,618,619,628;619,700,709,628
619,700,709,628;619,700,701,620;700,709,710,701;709,628,629,710;628,619,620,629;620,701,710,629
620,701,710,629;620,701,702,621;701,710,711,702;710,629,630,711;629,620,621,630;621,702,711,630
622,703,712,631;622,703,704,623;703,712,713,704;712,631,632,713;631,622,623,632;623,704,713,632
623,704,713,632;623,704,705,624;704,713,714,705;713,632,633,714;632,623,624,633;624,705,714,633
624,705,714,633;624,705,706,625;705,714,715,706;714,633,634,715;633,624,625,634;625,706,715,634
625,706,715,634;625,706,707,626;706,715,716,707;715,634,635,716;634,625,626,635;626,707,716,635
626,707,716,635;626,707,708,627;707,716,717,708;716,635,636,717;635,626,627,636;627,708,717,636
627,708,717,636;627,708,709,628;708,717,718,709;717,636,637,718;636,627,628,637;628,709,718,637
628,709,718,637;628,709,710,629;709,718,719,710;718,637,638,719;637,628,629,638;629,710,719,638
629,710,719,638;629,710,711,630;710,719,720,711;719,638,639,720;638,629,630,639;630,711,720,639
631,712,721,640;631,712,713,632;712,721,722,713;721,640,641,722;640,631,632,641;632,713,722,641
632,713,722,641;632,713,714,633;713,722,723,714;722,641,642,723;641,632,633,642;633,714,723,642
633,714,723,642;633,714,715,634;714,723,724,715;723,642,643,724;642,633,634,643;634,715,724,643
634,715,724,643;634,715,716,635;715,724,725,716;724,643,644,725;643,634,635,644;635,716,725,644
635,716,725,644;635,716,717,636;716,725,726,717;725,644,645,726;644,635,636,645;636,717,726,645
636,717,726,645;636,717,718,637;717,726,727,718;726,645,646,727;645,636,637,646;637,718,727,646
637,718,727,646;637,718,719,638;718,727,728,719;727,646,647,728;646,637,638,647;638,719,728,647
638,719,728,647;638,719,720,639;719,728,729,720;728,647,648,729;647,638,639,648;639,720,729,648
