0
0
0
0
0
0
0
0
0
0
0
0
0
0
0
0
0
0
0
0
0
0
0
0
0
0
0
0
0
0
0
0
0
0
0
0
0
0
0
0
0
0
0
0
0
0
0
0
0
0
0
0
0
0
0
0
0
0
0
0
0
0
0
0
0
0
0
0
0
0
0
0
0
0
0
0
0
0
0
0
0
0
0
0
0
0
0
0
0
0
0
0
0
0
0
0
0
0
0
0
0
0
0
0
0
0
0
0
0
0
0
0
0
0
0
0
0
0
0
0
0
0
0
0
0
0
0
0
0.00960349
0.0191145
0.0284414
0.0374944
0.0461864
0.0544335
0.0621564
0.0692807
0.0757378
0.0814655
0.0864086
0.0905196
0.0937588
0.0960951
0.0975059
0.0979777
0.0975059
0.0960951
0.0937588
0.0905196
0.0864086
0.0814655
0.0757378
0.0692807
0.0621564
0.0544335
0.0461864
0.0374944
0.0284414
0.0191145
0.00960349
0.0191145
0.0380449
0.0566089
0.0746278
0.0919279
0.108343
0.123714
0.137894
0.150746
0.162146
0.171985
0.180167
0.186615
0.191265
0.194073
0.195012
0.194073
0.191265
0.186615
0.180167
0.171985
0.162146
0.150746
0.137894
0.123714
0.108343
0.0919279
0.0746278
0.0566089
0.0380449
0.0191145
0.0284414
0.0566089
0.0842313
0.111042
0.136784
0.161209
0.18408
0.20518
0.224303
0.241266
0.255905
0.26808
0.277673
0.284592
0.288771
0.290168
0.288771
0.284592
0.277673
0.26808
0.255905
0.241266
0.224303
0.20518
0.18408
0.161209
0.136784
0.111042
0.0842313
0.0566089
0.0284414
0.0374944
0.0746278
0.111042
0.146388
0.180323
0.212522
0.242674
0.270489
0.295699
0.318062
0.337361
0.353411
0.366058
0.375179
0.380687
0.382529
0.380687
0.375179
0.366058
0.353411
0.337361
0.318062
0.295699
0.270489
0.242674
0.212522
0.180323
0.146388
0.111042
0.0746278
0.0374944
0.0461864
0.0919279
0.136784
0.180323
0.222125
0.261789
0.298931
0.333194
0.364248
0.391794
0.415567
0.435338
0.450917
0.462153
0.468938
0.471207
0.468938
0.462153
0.450917
0.435338
0.415567
0.391794
0.364248
0.333194
0.298931
0.261789
0.222125
0.180323
0.136784
0.0919279
0.0461864
0.0544335
0.108343
0.161209
0.212522
0.261789
0.308534
0.352308
0.392689
0.429289
0.461754
0.489772
0.513073
0.531433
0.544676
0.552672
0.555347
0.552672
0.544676
0.531433
0.513073
0.489772
0.461754
0.429289
0.392689
0.352308
0.308534
0.261789
0.212522
0.161209
0.108343
0.0544335
0.0621564
0.123714
0.18408
0.242674
0.298931
0.352308
0.402293
0.448403
0.490195
0.527266
0.55926
0.585867
0.606832
0.621953
0.631084
0.634138
0.631084
0.621953
0.606832
0.585867
0.55926
0.527266
0.490195
0.448403
0.402293
0.352308
0.298931
0.242674
0.18408
0.123714
0.0621564
0.0692807
0.137894
0.20518
0.270489
0.333194
0.392689
0.448403
0.499799
0.546381
0.587701
0.623361
0.653018
0.676387
0.693241
0.703419
0.706822
0.703419
0.693241
0.676387
0.653018
0.623361
0.587701
0.546381
0.499799
0.448403
0.392689
0.333194
0.270489
0.20518
0.137894
0.0692807
0.0757378
0.150746
0.224303
0.295699
0.364248
0.429289
0.490195
0.546381
0.597305
0.642476
0.68146
0.713881
0.739427
0.757852
0.768978
0.772699
0.768978
0.757852
0.739427
0.713881
0.68146
0.642476
0.597305
0.546381
0.490195
0.429289
0.364248
0.295699
0.224303
0.150746
0.0757378
0.0814655
0.162146
0.241266
0.318062
0.391794
0.461754
0.527266
0.587701
0.642476
0.691063
0.732995
0.767868
0.795346
0.815165
0.827133
0.831135
0.827133
0.815165
0.795346
0.767868
0.732995
0.691063
0.642476
0.587701
0.527266
0.461754
0.391794
0.318062
0.241266
0.162146
0.0814655
0.0864086
0.171985
0.255905
0.337361
0.415567
0.489772
0.55926
0.623361
0.68146
0.732995
0.777472
0.814461
0.843606
0.864627
0.877321
0.881566
0.877321
0.864627
0.843606
0.814461
0.777472
0.732995
0.68146
0.623361
0.55926
0.489772
0.415567
0.337361
0.255905
0.171985
0.0864086
0.0905196
0.180167
0.26808
0.353411
0.435338
0.513073
0.585867
0.653018
0.713881
0.767868
0.814461
0.85321
0.883742
0.905763
0.919061
0.923508
0.919061
0.905763
0.883742
0.85321
0.814461
0.767868
0.713881
0.653018
0.585867
0.513073
0.435338
0.353411
0.26808
0.180167
0.0905196
0.0937588
0.186615
0.277673
0.366058
0.450917
0.531433
0.606832
0.676387
0.739427
0.795346
0.843606
0.883742
0.915366
0.938175
0.951949
0.956555
0.951949
0.938175
0.915366
0.883742
0.843606
0.795346
0.739427
0.676387
0.606832
0.531433
0.450917
0.366058
0.277673
0.186615
0.0937588
0.0960951
0.191265
0.284592
0.375179
0.462153
0.544676
0.621953
0.693241
0.757852
0.815165
0.864627
0.905763
0.938175
0.961552
0.97567
0.98039
0.97567
0.961552
0.938175
0.905763
0.864627
0.815165
0.757852
0.693241
0.621953
0.544676
0.462153
0.375179
0.284592
0.191265
0.0960951
0.0975059
0.194073
0.288771
0.380687
0.468938
0.552672
0.631084
0.703419
0.768978
0.827133
0.877321
0.919061
0.951949
0.97567
0.989994
0.994784
0.989994
0.97567
0.951949
0.919061
0.877321
0.827133
0.768978
0.703419
0.631084
0.552672
0.468938
0.380687
0.288771
0.194073
0.0975059
0.0979777
0.195012
0.290168
0.382529
0.471207
0.555347
0.634138
0.706822
0.772699
0.831135
0.881566
0.923508
0.956555
0.98039
0.994784
0.999597
0.994784
0.98039
0.956555
0.923508
0.881566
0.831135
0.772699
0.706822
0.634138
0.555347
0.471207
0.382529
0.290168
0.195012
0.0979777
0.0975059
0.194073
0.288771
0.380687
0.468938
0.552672
0.631084
0.703419
0.768978
0.827133
0.877321
0.919061
0.951949
0.97567
0.989994
0.994784
0.989994
0.97567
0.951949
0.919061
0.877321
0.827133
0.768978
0.703419
0.631084
0.552672
0.468938
0.380687
0.288771
0.194073
0.0975059
0.0960951
0.191265
0.284592
0.375179
0.462153
0.544676
0.621953
0.693241
0.757852
0.815165
0.864627
0.905763
0.938175
0.961552
0.97567
0.98039
0.97567
0.961552
0.938175
0.905763
0.864627
0.815165
0.757852
0.693241
0.621953
0.544676
0.462153
0.375179
0.284592
0.191265
0.0960951
0.0937588
0.186615
0.277673
0.366058
0.450917
0.531433
0.606832
0.676387
0.739427
0.795346
0.843606
0.883742
0.915366
0.938175
0.951949
0.956555
0.951949
0.938175
0.915366
0.883742
0.843606
0.795346
0.739427
0.676387
0.606832
0.531433
0.450917
0.366058
0.277673
0.186615
0.0937588
0.0905196
0.180167
0.26808
0.353411
0.435338
0.513073
0.585867
0.653018
0.713881
0.767868
0.814461
0.85321
0.883742
0.905763
0.919061
0.923508
0.919061
0.905763
0.883742
0.85321
0.814461
0.767868
0.713881
0.653018
0.585867
0.513073
0.435338
0.353411
0.26808
0.180167
0.0905196
0.0864086
0.171985
0.255905
0.337361
0.415567
0.489772
0.55926
0.623361
0.68146
0.732995
0.777472
0.814461
0.843606
0.864627
0.877321
0.881566
0.877321
0.864627
0.843606
0.814461
0.777472
0.732995
0.68146
0.623361
0.55926
0.489772
0.415567
0.337361
0.255905
0.171985
0.0864086
0.0814655
0.162146
0.241266
0.318062
0.391794
0.461754
0.527266
0.587701
0.642476
0.691063
0.732995
0.767868
0.795346
0.815165
0.827133
0.831135
0.827133
0.815165
0.795346
0.767868
0.732995
0.691063
0.642476
0.587701
0.527266
0.461754
0.391794
0.318062
0.241266
0.162146
0.0814655
0.0757378
0.150746
0.224303
0.295699
0.364248
0.429289
0.490195
0.546381
0.597305
0.642476
0.68146
0.713881
0.739427
0.757852
0.768978
0.772699
0.768978
0.757852
0.739427
0.713881
0.68146
0.642476
0.597305
0.546381
0.490195
0.429289
0.364248
0.295699
0.224303
0.150746
0.0757378
0.0692807
0.137894
0.20518
0.270489
0.333194
0.392689
0.448403
0.499799
0.546381
0.587701
0.623361
0.653018
0.676387
0.693241
0.703419
0.706822
0.703419
0.693241
0.676387
0.653018
0.623361
0.587701
0.546381
0.499799
0.448403
0.392689
0.333194
0.270489
0.20518
0.137894
0.0692807
0.0621564
0.123714
0.18408
0.242674
0.298931
0.352308
0.402293
0.448403
0.490195
0.527266
0.55926
0.585867
0.606832
0.621953
0.631084
0.634138
0.631084
0.621953
0.606832
0.585867
0.55926
0.527266
0.490195
0.448403
0.402293
0.352308
0.298931
0.242674
0.18408
0.123714
0.0621564
0.0544335
0.108343
0.161209
0.212522
0.261789
0.308534
0.352308
0.392689
0.429289
0.461754
0.489772
0.513073
0.531433
0.544676
0.552672
0.555347
0.552672
0.544676
0.531433
0.513073
0.489772
0.461754
0.429289
0.392689
0.352308
0.308534
0.261789
0.212522
0.161209
0.108343
0.0544335
0.0461864
0.0919279
0.136784
0.180323
0.222125
0.261789
0.298931
0.333194
0.364248
0.391794
0.415567
0.435338
0.450917
0.462153
0.468938
0.471207
0.468938
0.462153
0.450917
0.435338
0.415567
0.391794
0.364248
0.333194
0.298931
0.261789
0.222125
0.180323
0.136784
0.0919279
0.0461864
0.0374944
0.0746278
0.111042
0.146388
0.180323
0.212522
0.242674
0.270489
0.295699
0.318062
0.337361
0.353411
0.366058
0.375179
0.380687
0.382529
0.380687
0.375179
0.366058
0.353411
0.337361
0.318062
0.295699
0.270489
0.242674
0.212522
0.180323
0.146388
0.111042
0.0746278
0.0374944
0.0284414
0.0566089
0.0842313
0.111042
0.136784
0.161209
0.18408
0.20518
0.224303
0.241266
0.255905
0.26808
0.277673
0.284592
0.288771
0.290168
0.288771
0.284592
0.277673
0.26808
0.255905
0.241266
0.224303
0.20518
0.18408
0.161209
0.136784
0.111042
0.0842313
0.0566089
0.0284414
0.0191145
0.0380449
0.0566089
0.0746278
0.0919279
0.108343
0.123714
0.137894
0.150746
0.162146
0.171985
0.180167
0.186615
0.191265
0.194073
0.195012
0.194073
0.191265
0.186615
0.180167
0.171985
0.162146
0.150746
0.137894
0.123714
0.108343
0.0919279
0.0746278
0.0566089
0.0380449
0.0191145
0.00960349
0.0191145
0.0284414
0.0374944
0.0461864
0.0544335
0.0621564
0.0692807
0.0757378
0.0814655
0.0864086
0.0905196
0.0937588
0.0960951
0.0975059
0.0979777
0.0975059
0.0960951
0.0937588
0.0905196
0.0864086
0.0814655
0.0757378
0.0692807
0.0621564
0.0544335
0.0461864
0.0374944
0.0284414
0.0191145
0.00960349
