10,91,82,1;1,82,83,2;82,91,729,83;91,10,11,729;10,1,2,11;2,83,729,11
11,729,83,2;2,83,84,3;83,729,728,84;729,11,12,728;11,2,3,12;3,84,728,12
12,728,84,3;3,84,85,4;84,728,727,85;728,12,13,727;12,3,4,13;4,85,727,13
13,727,85,4;4,85,86,5;85,727,726,86;727,13,14,726;13,4,5,14;5,86,726,14
14,726,86,5;5,86,87,6;86,726,725,87;726,14,15,725;14,5,6,15;6,87,725,15
15,725,87,6;6,87,88,7;87,725,724,88;725,15,16,724;15,6,7,16;7,88,724,16
16,724,88,7;7,88,89,8;88,724,723,89;724,16,17,723;16,7,8,17;8,89,723,17
17,723,89,8;8,89,90,9;89,723,92,90;723,17,18,92;17,8,9,18;9,90,92,18
19,93,91,10;10,91,729,11;91,93,722,729;93,19,20,722;19,10,11,20;11,729,722,20
20,722,729,11;11,729,728,12;729,722,721,728;722,20,21,721;20,11,12,21;12,728,721,21
21,721,728,12;12,728,727,13;728,721,720,727;721,21,22,720;21,12,13,22;13,727,720,22
22,720,727,13;13,727,726,14;727,720,719,726;720,22,23,719;22,13,14,23;14,726,719,23
23,719,726,14;14,726,725,15;726,719,718,725;719,23,24,718;23,14,15,24;15,725,718,24
24,718,725,15;15,725,724,16;725,718,717,724;718,24,25,717;24,15,16,25;16,724,717,25
25,717,724,16;16,724,723,17;724,717,716,723;717,25,26,716;25,16,17,26;17,723,716,26
26,716,723,17;17,723,92,18;723,716,94,92;716,26,27,94;26,17,18,27;18,92,94,27
28,95,93,19;19,93,722,20;93,95,715,722;95,28,29,715;28,19,20,29;20,722,715,29
29,715,722,20;20,722,721,21;722,715,714,721;715,29,30,714;29,20,21,30;21,721,714,30
30,714,721,21;21,721,720,22;721,714,713,720;714,30,31,713;30,21,22,31;22,720,713,31
31,713,720,22;22,720,719,23;720,713,712,719;713,31,32,712;31,22,23,32;23,719,712,32
32,712,719,23;23,719,718,24;719,712,711,718;712,32,33,711;32,23,24,33;24,718,711,33
33,711,718,24;24,718,717,25;718,711,710,717;711,33,34,710;33,24,25,34;25,717,710,34
34,710,717,25;25,717,716,26;717,710,709,716;710,34,35,709;34,25,26,35;26,716,709,35
35,709,716,26;26,716,94,27;716,709,96,94;709,35,36,96;35,26,27,36;27,94,96,36
37,97,95,28;28,95,715,29;95,97,708,715;97,37,38,708;37,28,29,38;29,715,708,38
38,708,715,29;29,715,714,30;715,708,707,714;708,38,39,707;38,29,30,39;30,714,707,39
39,707,714,30;30,714,713,31;714,707,706,713;707,39,40,706;39,30,31,40;31,713,706,40
40,706,713,31;31,713,712,32;713,706,705,712;706,40,41,705;40,31,32,41;32,712,705,41
41,705,712,32;32,712,711,33;712,705,704,711;705,41,42,704;41,32,33,42;33,711,704,42
42,704,711,33;33,711,710,34;711,704,703,710;704,42,43,703;42,33,34,43;34,710,703,43
43,703,710,34;34,710,709,35;710,703,702,709;703,43,44,702;43,34,35,44;35,709,702,44
44,702,709,35;35,709,96,36;709,702,98,96;702,44,45,98;44,35,36,45;36,96,98,45
46,99,97,37;37,97,708,38;97,99,701,708;99,46,47,701;46,37,38,47;38,708,701,47
47,701,708,38;38,708,707,39;708,701,700,707;701,47,48,700;47,38,39,48;39,707,700,48
48,700,707,39;39,707,706,40;707,700,699,706;700,48,49,699;48,39,40,49;40,706,699,49
49,699,706,40;40,706,705,41;706,699,698,705;699,49,50,698;49,40,41,50;41,705,698,50
50,698,705,41;41,705,704,42;705,698,697,704;698,50,51,697;50,41,42,51;42,704,697,51
51,697,704,42;42,704,703,43;704,697,696,703;697,51,52,696;51,42,43,52;43,703,696,52
52,696,703,43;43,703,702,44;703,696,695,702;696,52,53,695;52,43,44,53;44,702,695,53
53,695,702,44;44,702,98,45;702,695,100,98;695,53,54,100;53,44,45,54;45,98,100,54
55,101,99,46;46,99,701,47;99,101,694,701;101,55,56,694;55,46,47,56;47,701,694,56
56,694,701,47;47,701,700,48;701,694,693,700;694,56,57,693;56,47,48,57;48,700,693,57
57,693,700,48;48,700,699,49;700,693,692,699;693,57,58,692;57,48,49,58;49,699,692,58
58,692,699,49;49,699,698,50;699,692,691,698;692,58,59,691;58,49,50,59;50,698,691,59
59,691,698,50;50,698,697,51;698,691,690,697;691,59,60,690;59,50,51,60;51,697,690,60
60,690,697,51;51,697,696,52;697,690,689,696;690,60,61,689;60,51,52,61;52,696,689,61
61,689,696,52;52,696,695,53;696,689,688,695;689,61,62,688;61,52,53,62;53,695,688,62
62,688,695,53;53,695,100,54;695,688,102,100;688,62,63,102;62,53,54,63;54,100,102,63
64,103,101,55;55,101,694,56;101,103,687,694;103,64,65,687;64,55,56,65;56,694,687,65
65,687,694,56;56,694,693,57;694,687,686,693;687,65,66,686;65,56,57,66;57,693,686,66
66,686,693,57;57,693,692,58;693,686,685,692;686,66,67,685;66,57,58,67;58,692,685,67
67,685,692,58;58,692,691,59;692,685,684,691;685,67,68,684;67,58,59,68;59,691,684,68
68,684,691,59;59,691,690,60;691,684,683,690;684,68,69,683;68,59,60,69;60,690,683,69
69,683,690,60;60,690,689,61;690,683,682,689;683,69,70,682;69,60,61,70;61,689,682,70
70,682,689,61;61,689,688,62;689,682,681,688;682,70,71,681;70,61,62,71;62,688,681,71
71,681,688,62;62,688,102,63;688,681,104,102;681,71,72,104;71,62,63,72;63,102,104,72
73,105,103,64;64,103,687,65;103,105,106,687;105,73,74,106;73,64,65,74;65,687,106,74
74,106,687,65;65,687,686,66;687,106,107,686;106,74,75,107;74,65,66,75;66,686,107,75
75,107,686,66;66,686,685,67;686,107,108,685;107,75,76,108;75,66,67,76;67,685,108,76
76,108,685,67;67,685,684,68;685,108,109,684;108,76,77,109;76,67,68,77;68,684,109,77
77,109,684,68;68,684,683,69;684,109,110,683;109,77,78,110;77,68,69,78;69,683,110,78
78,110,683,69;69,683,682,70;683,110,111,682;110,78,79,111;78,69,70,79;70,682,111,79
79,111,682,70;70,682,681,71;682,111,112,681;111,79,80,112;79,70,71,80;71,681,112,80
80,112,681,71;71,681,104,72;681,112,113,104;112,80,81,113;80,71,72,81;72,104,113,81
91,123,114,82;82,114,115,83;114,123,680,115;123,91,729,680;91,82,83,729;83,115,680,729
729,680,115,83;83,115,116,84;115,680,679,116;680,729,728,679;729,83,84,728;84,116,679,728
728,679,116,84;84,116,117,85;116,679,678,117;679,728,727,678;728,84,85,727;85,117,678,727
727,678,117,85;85,117,118,86;117,678,677,118;678,727,726,677;727,85,86,726;86,118,677,726
726,677,118,86;86,118,119,87;118,677,676,119;677,726,725,676;726,86,87,725;87,119,676,725
725,676,119,87;87,119,120,88;119,676,675,120;676,725,724,675;725,87,88,724;88,120,675,724
724,675,120,88;88,120,121,89;120,675,674,121;675,724,723,674;724,88,89,723;89,121,674,723
723,674,121,89;89,121,122,90;121,674,124,122;674,723,92,124;723,89,90,92;90,122,124,92
93,125,123,91;91,123,680,729;123,125,673,680;125,93,722,673;93,91,729,722;729,680,673,722
722,673,680,729;729,680,679,728;680,673,672,679;673,722,721,672;722,729,728,721;728,679,672,721
721,672,679,728;728,679,678,727;679,672,671,678;672,721,720,671;721,728,727,720;727,678,671,720
720,671,678,727;727,678,677,726;678,671,670,677;671,720,719,670;720,727,726,719;726,677,670,719
719,670,677,726;726,677,676,725;677,670,669,676;670,719,718,669;719,726,725,718;725,676,669,718
718,669,676,725;725,676,675,724;676,669,668,675;669,718,717,668;718,725,724,717;724,675,668,717
717,668,675,724;724,675,674,723;675,668,667,674;668,717,716,667;717,724,723,716;723,674,667,716
716,667,674,723;723,674,124,92;674,667,126,124;667,716,94,126;716,723,92,94;92,124,126,94
95,127,125,93;93,125,673,722;125,127,666,673;127,95,715,666;95,93,722,715;722,673,666,715
715,666,673,722;722,673,672,721;673,666,665,672;666,715,714,665;715,722,721,714;721,672,665,714
714,665,672,721;721,672,671,720;672,665,664,671;665,714,713,664;714,721,720,713;720,671,664,713
713,664,671,720;720,671,670,719;671,664,663,670;664,713,712,663;713,720,719,712;719,670,663,712
712,663,670,719;719,670,669,718;670,663,662,669;663,712,711,662;712,719,718,711;718,669,662,711
711,662,669,718;718,669,668,717;669,662,661,668;662,711,710,661;711,718,717,710;717,668,661,710
710,661,668,717;717,668,667,716;668,661,660,667;661,710,709,660;710,717,716,709;716,667,660,709
709,660,667,716;716,667,126,94;667,660,128,126;660,709,96,128;709,716,94,96;94,126,128,96
97,129,127,95;95,127,666,715;127,129,659,666;129,97,708,659;97,95,715,708;715,666,659,708
708,659,666,715;715,666,665,714;666,659,658,665;659,708,707,658;708,715,714,707;714,665,658,707
707,658,665,714;714,665,664,713;665,658,657,664;658,707,706,657;707,714,713,706;713,664,657,706
706,657,664,713;713,664,663,712;664,657,656,663;657,706,705,656;706,713,712,705;712,663,656,705
705,656,663,712;712,663,662,711;663,656,655,662;656,705,704,655;705,712,711,704;711,662,655,704
704,655,662,711;711,662,661,710;662,655,654,661;655,704,703,654;704,711,710,703;710,661,654,703
703,654,661,710;710,661,660,709;661,654,653,660;654,703,702,653;703,710,709,702;709,660,653,702
702,653,660,709;709,660,128,96;660,653,130,128;653,702,98,130;702,709,96,98;96,128,130,98
99,131,129,97;97,129,659,708;129,131,652,659;131,99,701,652;99,97,708,701;708,659,652,701
701,652,659,708;708,659,658,707;659,652,651,658;652,701,700,651;701,708,707,700;707,658,651,700
700,651,658,707;707,658,657,706;658,651,650,657;651,700,699,650;700,707,706,699;706,657,650,699
699,650,657,706;706,657,656,705;657,650,649,656;650,699,698,649;699,706,705,698;705,656,649,698
698,649,656,705;705,656,655,704;656,649,648,655;649,698,697,648;698,705,704,697;704,655,648,697
697,648,655,704;704,655,654,703;655,648,647,654;648,697,696,647;697,704,703,696;703,654,647,696
696,647,654,703;703,654,653,702;654,647,646,653;647,696,695,646;696,703,702,695;702,653,646,695
695,646,653,702;702,653,130,98;653,646,132,130;646,695,100,132;695,702,98,100;98,130,132,100
101,133,131,99;99,131,652,701;131,133,645,652;133,101,694,645;101,99,701,694;701,652,645,694
694,645,652,701;701,652,651,700;652,645,644,651;645,694,693,644;694,701,700,693;700,651,644,693
693,644,651,700;700,651,650,699;651,644,643,650;644,693,692,643;693,700,699,692;699,650,643,692
692,643,650,699;699,650,649,698;650,643,642,649;643,692,691,642;692,699,698,691;698,649,642,691
691,642,649,698;698,649,648,697;649,642,641,648;642,691,690,641;691,698,697,690;697,648,641,690
690,641,648,697;697,648,647,696;648,641,640,647;641,690,689,640;690,697,696,689;696,647,640,689
689,640,647,696;696,647,646,695;647,640,639,646;640,689,688,639;689,696,695,688;695,646,639,688
688,639,646,695;695,646,132,100;646,639,134,132;639,688,102,134;688,695,100,102;100,132,134,102
103,135,133,101;101,133,645,694;133,135,638,645;135,103,687,638;103,101,694,687;694,645,638,687
687,638,645,694;694,645,644,693;645,638,637,644;638,687,686,637;687,694,693,686;693,644,637,686
686,637,644,693;693,644,643,692;644,637,636,643;637,686,685,636;686,693,692,685;692,643,636,685
685,636,643,692;692,643,642,691;643,636,635,642;636,685,684,635;685,692,691,684;691,642,635,684
684,635,642,691;691,642,641,690;642,635,634,641;635,684,683,634;684,691,690,683;690,641,634,683
683,634,641,690;690,641,640,689;641,634,633,640;634,683,682,633;683,690,689,682;689,640,633,682
682,633,640,689;689,640,639,688;640,633,632,639;633,682,681,632;682,689,688,681;688,639,632,681
681,632,639,688;688,639,134,102;639,632,136,134;632,681,104,136;681,688,102,104;102,134,136,104
105,137,135,103;103,135,638,687;135,137,138,638;137,105,106,138;105,103,687,106;687,638,138,106
106,138,638,687;687,638,637,686;638,138,139,637;138,106,107,139;106,687,686,107;686,637,139,107
107,139,637,686;686,637,636,685;637,139,140,636;139,107,108,140;107,686,685,108;685,636,140,108
108,140,636,685;685,636,635,684;636,140,141,635;140,108,109,141;108,685,684,109;684,635,141,109
109,141,635,684;684,635,634,683;635,141,142,634;141,109,110,142;109,684,683,110;683,634,142,110
110,142,634,683;683,634,633,682;634,142,143,633;142,110,111,143;110,683,682,111;682,633,143,111
111,143,633,682;682,633,632,681;633,143,144,632;143,111,112,144;111,682,681,112;681,632,144,112
112,144,632,681;681,632,136,104;632,144,145,136;144,112,113,145;112,681,104,113;104,136,145,113
123,155,146,114;114,146,147,115;146,155,631,147;155,123,680,631;123,114,115,680;115,147,631,680
680,631,147,115;115,147,148,116;147,631,630,148;631,680,679,630;680,115,116,679;116,148,630,679
679,630,148,116;116,148,149,117;148,630,629,149;630,679,678,629;679,116,117,678;117,149,629,678
678,629,149,117;117,149,150,118;149,629,628,150;629,678,677,628;678,117,118,677;118,150,628,677
677,628,150,118;118,150,151,119;150,628,627,151;628,677,676,627;677,118,119,676;119,151,627,676
676,627,151,119;119,151,152,120;151,627,626,152;627,676,675,626;676,119,120,675;120,152,626,675
675,626,152,120;120,152,153,121;152,626,625,153;626,675,674,625;675,120,121,674;121,153,625,674
674,625,153,121;121,153,154,122;153,625,156,154;625,674,124,156;674,121,122,124;122,154,156,124
125,157,155,123;123,155,631,680;155,157,624,631;157,125,673,624;125,123,680,673;680,631,624,673
673,624,631,680;680,631,630,679;631,624,623,630;624,673,672,623;673,680,679,672;679,630,623,672
672,623,630,679;679,630,629,678;630,623,622,629;623,672,671,622;672,679,678,671;678,629,622,671
671,622,629,678;678,629,628,677;629,622,621,628;622,671,670,621;671,678,677,670;677,628,621,670
670,621,628,677;677,628,627,676;628,621,620,627;621,670,669,620;670,677,676,669;676,627,620,669
669,620,627,676;676,627,626,675;627,620,619,626;620,669,668,619;669,676,675,668;675,626,619,668
668,619,626,675;675,626,625,674;626,619,618,625;619,668,667,618;668,675,674,667;674,625,618,667
667,618,625,674;674,625,156,124;625,618,158,156;618,667,126,158;667,674,124,126;124,156,158,126
127,159,157,125;125,157,624,673;157,159,617,624;159,127,666,617;127,125,673,666;673,624,617,666
666,617,624,673;673,624,623,672;624,617,616,623;617,666,665,616;666,673,672,665;672,623,616,665
665,616,623,672;672,623,622,671;623,616,615,622;616,665,664,615;665,672,671,664;671,622,615,664
664,615,622,671;671,622,621,670;622,615,614,621;615,664,663,614;664,671,670,663;670,621,614,663
663,614,621,670;670,621,620,669;621,614,613,620;614,663,662,613;663,670,669,662;669,620,613,662
662,613,620,669;669,620,619,668;620,613,612,619;613,662,661,612;662,669,668,661;668,619,612,661
661,612,619,668;668,619,618,667;619,612,611,618;612,661,660,611;661,668,667,660;667,618,611,660
660,611,618,667;667,618,158,126;618,611,160,158;611,660,128,160;660,667,126,128;126,158,160,128
129,161,159,127;127,159,617,666;159,161,610,617;161,129,659,610;129,127,666,659;666,617,610,659
659,610,617,666;666,617,616,665;617,610,609,616;610,659,658,609;659,666,665,658;665,616,609,658
658,609,616,665;665,616,615,664;616,609,608,615;609,658,657,608;658,665,664,657;664,615,608,657
657,608,615,664;664,615,614,663;615,608,607,614;608,657,656,607;657,664,663,656;663,614,607,656
656,607,614,663;663,614,613,662;614,607,606,613;607,656,655,606;656,663,662,655;662,613,606,655
655,606,613,662;662,613,612,661;613,606,605,612;606,655,654,605;655,662,661,654;661,612,605,654
654,605,612,661;661,612,611,660;612,605,604,611;605,654,653,604;654,661,660,653;660,611,604,653
653,604,611,660;660,611,160,128;611,604,162,160;604,653,130,162;653,660,128,130;128,160,162,130
131,163,161,129;129,161,610,659;161,163,603,610;163,131,652,603;131,129,659,652;659,610,603,652
652,603,610,659;659,610,609,658;610,603,602,609;603,652,651,602;652,659,658,651;658,609,602,651
651,602,609,658;658,609,608,657;609,602,601,608;602,651,650,601;651,658,657,650;657,608,601,650
650,601,608,657;657,608,607,656;608,601,600,607;601,650,649,600;650,657,656,649;656,607,600,649
649,600,607,656;656,607,606,655;607,600,599,606;600,649,648,599;649,656,655,648;655,606,599,648
648,599,606,655;655,606,605,654;606,599,598,605;599,648,647,598;648,655,654,647;654,605,598,647
647,598,605,654;654,605,604,653;605,598,597,604;598,647,646,597;647,654,653,646;653,604,597,646
646,597,604,653;653,604,162,130;604,597,164,162;597,646,132,164;646,653,130,132;130,162,164,132
133,165,163,131;131,163,603,652;163,165,596,603;165,133,645,596;133,131,652,645;652,603,596,645
645,596,603,652;652,603,602,651;603,596,595,602;596,645,644,595;645,652,651,644;651,602,595,644
644,595,602,651;651,602,601,650;602,595,594,601;595,644,643,594;644,651,650,643;650,601,594,643
643,594,601,650;650,601,600,649;601,594,593,600;594,643,642,593;643,650,649,642;649,600,593,642
642,593,600,649;649,600,599,648;600,593,592,599;593,642,641,592;642,649,648,641;648,599,592,641
641,592,599,648;648,599,598,647;599,592,591,598;592,641,640,591;641,648,647,640;647,598,591,640
640,591,598,647;647,598,597,646;598,591,590,597;591,640,639,590;640,647,646,639;646,597,590,639
639,590,597,646;646,597,164,132;597,590,166,164;590,639,134,166;639,646,132,134;132,164,166,134
135,167,165,133;133,165,596,645;165,167,589,596;167,135,638,589;135,133,645,638;645,596,589,638
638,589,596,645;645,596,595,644;596,589,588,595;589,638,637,588;638,645,644,637;644,595,588,637
637,588,595,644;644,595,594,643;595,588,587,594;588,637,636,587;637,644,643,636;643,594,587,636
636,587,594,643;643,594,593,642;594,587,586,593;587,636,635,586;636,643,642,635;642,593,586,635
635,586,593,642;642,593,592,641;593,586,585,592;586,635,634,585;635,642,641,634;641,592,585,634
634,585,592,641;641,592,591,640;592,585,584,591;585,634,633,584;634,641,640,633;640,591,584,633
633,584,591,640;640,591,590,639;591,584,583,590;584,633,632,583;633,640,639,632;639,590,583,632
632,583,590,639;639,590,166,134;590,583,168,166;583,632,136,168;632,639,134,136;134,166,168,136
137,169,167,135;135,167,589,638;167,169,170,589;169,137,138,170;137,135,638,138;638,589,170,138
138,170,589,638;638,589,588,637;589,170,171,588;170,138,139,171;138,638,637,139;637,588,171,139
139,171,588,637;637,588,587,636;588,171,172,587;171,139,140,172;139,637,636,140;636,587,172,140
140,172,587,636;636,587,586,635;587,172,173,586;172,140,141,173;140,636,635,141;635,586,173,141
141,173,586,635;635,586,585,634;586,173,174,585;173,141,142,174;141,635,634,142;634,585,174,142
142,174,585,634;634,585,584,633;585,174,175,584;174,142,143,175;142,634,633,143;633,584,175,143
143,175,584,633;633,584,583,632;584,175,176,583;175,143,144,176;143,633,632,144;632,583,176,144
144,176,583,632;632,583,168,136;583,176,177,168;176,144,145,177;144,632,136,145;136,168,177,145
155,187,178,146;146,178,179,147;178,187,582,179;187,155,631,582;155,146,147,631;147,179,582,631
631,582,179,147;147,179,180,148;179,582,581,180;582,631,630,581;631,147,148,630;148,180,581,630
630,581,180,148;148,180,181,149;180,581,580,181;581,630,629,580;630,148,149,629;149,181,580,629
629,580,181,149;149,181,182,150;181,580,579,182;580,629,628,579;629,149,150,628;150,182,579,628
628,579,182,150;150,182,183,151;182,579,578,183;579,628,627,578;628,150,151,627;151,183,578,627
627,578,183,151;151,183,184,152;183,578,577,184;578,627,626,577;627,151,152,626;152,184,577,626
626,577,184,152;152,184,185,153;184,577,576,185;577,626,625,576;626,152,153,625;153,185,576,625
625,576,185,153;153,185,186,154;185,576,188,186;576,625,156,188;625,153,154,156;154,186,188,156
157,189,187,155;155,187,582,631;187,189,575,582;189,157,624,575;157,155,631,624;631,582,575,624
624,575,582,631;631,582,581,630;582,575,574,581;575,624,623,574;624,631,630,623;630,581,574,623
623,574,581,630;630,581,580,629;581,574,573,580;574,623,622,573;623,630,629,622;629,580,573,622
622,573,580,629;629,580,579,628;580,573,572,579;573,622,621,572;622,629,628,621;628,579,572,621
621,572,579,628;628,579,578,627;579,572,571,578;572,621,620,571;621,628,627,620;627,578,571,620
620,571,578,627;627,578,577,626;578,571,570,577;571,620,619,570;620,627,626,619;626,577,570,619
619,570,577,626;626,577,576,625;577,570,569,576;570,619,618,569;619,626,625,618;625,576,569,618
618,569,576,625;625,576,188,156;576,569,190,188;569,618,158,190;618,625,156,158;156,188,190,158
159,191,189,157;157,189,575,624;189,191,568,575;191,159,617,568;159,157,624,617;624,575,568,617
617,568,575,624;624,575,574,623;575,568,567,574;568,617,616,567;617,624,623,616;623,574,567,616
616,567,574,623;623,574,573,622;574,567,566,573;567,616,615,566;616,623,622,615;622,573,566,615
615,566,573,622;622,573,572,621;573,566,565,572;566,615,614,565;615,622,621,614;621,572,565,614
614,565,572,621;621,572,571,620;572,565,564,571;565,614,613,564;614,621,620,613;620,571,564,613
613,564,571,620;620,571,570,619;571,564,563,570;564,613,612,563;613,620,619,612;619,570,563,612
612,563,570,619;619,570,569,618;570,563,562,569;563,612,611,562;612,619,618,611;618,569,562,611
611,562,569,618;618,569,190,158;569,562,192,190;562,611,160,192;611,618,158,160;158,190,192,160
161,193,191,159;159,191,568,617;191,193,561,568;193,161,610,561;161,159,617,610;617,568,561,610
610,561,568,617;617,568,567,616;568,561,560,567;561,610,609,560;610,617,616,609;616,567,560,609
609,560,567,616;616,567,566,615;567,560,559,566;560,609,608,559;609,616,615,608;615,566,559,608
608,559,566,615;615,566,565,614;566,559,558,565;559,608,607,558;608,615,614,607;614,565,558,607
607,558,565,614;614,565,564,613;565,558,557,564;558,607,606,557;607,614,613,606;613,564,557,606
606,557,564,613;613,564,563,612;564,557,556,563;557,606,605,556;606,613,612,605;612,563,556,605
605,556,563,612;612,563,562,611;563,556,555,562;556,605,604,555;605,612,611,604;611,562,555,604
604,555,562,611;611,562,192,160;562,555,194,192;555,604,162,194;604,611,160,162;160,192,194,162
163,195,193,161;161,193,561,610;193,195,554,561;195,163,603,554;163,161,610,603;610,561,554,603
603,554,561,610;610,561,560,609;561,554,553,560;554,603,602,553;603,610,609,602;609,560,553,602
602,553,560,609;609,560,559,608;560,553,552,559;553,602,601,552;602,609,608,601;608,559,552,601
601,552,559,608;608,559,558,607;559,552,551,558;552,601,600,551;601,608,607,600;607,558,551,600
600,551,558,607;607,558,557,606;558,551,550,557;551,600,599,550;600,607,606,599;606,557,550,599
599,550,557,606;606,557,556,605;557,550,549,556;550,599,598,549;599,606,605,598;605,556,549,598
598,549,556,605;605,556,555,604;556,549,548,555;549,598,597,548;598,605,604,597;604,555,548,597
597,548,555,604;604,555,194,162;555,548,196,194;548,597,164,196;597,604,162,164;162,194,196,164
165,197,195,163;163,195,554,603;195,197,547,554;197,165,596,547;165,163,603,596;603,554,547,596
596,547,554,603;603,554,553,602;554,547,546,553;547,596,595,546;596,603,602,595;602,553,546,595
595,546,553,602;602,553,552,601;553,546,545,552;546,595,594,545;595,602,601,594;601,552,545,594
594,545,552,601;601,552,551,600;552,545,544,551;545,594,593,544;594,601,600,593;600,551,544,593
593,544,551,600;600,551,550,599;551,544,543,550;544,593,592,543;593,600,599,592;599,550,543,592
592,543,550,599;599,550,549,598;550,543,542,549;543,592,591,542;592,599,598,591;598,549,542,591
591,542,549,598;598,549,548,597;549,542,541,548;542,591,590,541;591,598,597,590;597,548,541,590
590,541,548,597;597,548,196,164;548,541,198,196;541,590,166,198;590,597,164,166;164,196,198,166
167,199,197,165;165,197,547,596;197,199,540,547;199,167,589,540;167,165,596,589;596,547,540,589
589,540,547,596;596,547,546,595;547,540,539,546;540,589,588,539;589,596,595,588;595,546,539,588
588,539,546,595;595,546,545,594;546,539,538,545;539,588,587,538;588,595,594,587;594,545,538,587
587,538,545,594;594,545,544,593;545,538,537,544;538,587,586,537;587,594,593,586;593,544,537,586
586,537,544,593;593,544,543,592;544,537,536,543;537,586,585,536;586,593,592,585;592,543,536,585
585,536,543,592;592,543,542,591;543,536,535,542;536,585,584,535;585,592,591,584;591,542,535,584
584,535,542,591;591,542,541,590;542,535,534,541;535,584,583,534;584,591,590,583;590,541,534,583
583,534,541,590;590,541,198,166;541,534,200,198;534,583,168,200;583,590,166,168;166,198,200,168
169,201,199,167;167,199,540,589;199,201,202,540;201,169,170,202;169,167,589,170;589,540,202,170
170,202,540,589;589,540,539,588;540,202,203,539;202,170,171,203;170,589,588,171;588,539,203,171
171,203,539,588;588,539,538,587;539,203,204,538;203,171,172,204;171,588,587,172;587,538,204,172
172,204,538,587;587,538,537,586;538,204,205,537;204,172,173,205;172,587,586,173;586,537,205,173
173,205,537,586;586,537,536,585;537,205,206,536;205,173,174,206;173,586,585,174;585,536,206,174
174,206,536,585;585,536,535,584;536,206,207,535;206,174,175,207;174,585,584,175;584,535,207,175
175,207,535,584;584,535,534,583;535,207,208,534;207,175,176,208;175,584,583,176;583,534,208,176
176,208,534,583;583,534,200,168;534,208,209,200;208,176,177,209;176,583,168,177;168,200,209,177
187,219,210,178;178,210,211,179;210,219,533,211;219,187,582,533;187,178,179,582;179,211,533,582
582,533,211,179;179,211,212,180;211,533,532,212;533,582,581,532;582,179,180,581;180,212,532,581
581,532,212,180;180,212,213,181;212,532,531,213;532,581,580,531;581,180,181,580;181,213,531,580
580,531,213,181;181,213,214,182;213,531,530,214;531,580,579,530;580,181,182,579;182,214,530,579
579,530,214,182;182,214,215,183;214,530,529,215;530,579,578,529;579,182,183,578;183,215,529,578
578,529,215,183;183,215,216,184;215,529,528,216;529,578,577,528;578,183,184,577;184,216,528,577
577,528,216,184;184,216,217,185;216,528,527,217;528,577,576,527;577,184,185,576;185,217,527,576
576,527,217,185;185,217,218,186;217,527,220,218;527,576,188,220;576,185,186,188;186,218,220,188
189,221,219,187;187,219,533,582;219,221,526,533;221,189,575,526;189,187,582,575;582,533,526,575
575,526,533,582;582,533,532,581;533,526,525,532;526,575,574,525;575,582,581,574;581,532,525,574
574,525,532,581;581,532,531,580;532,525,524,531;525,574,573,524;574,581,580,573;580,531,524,573
573,524,531,580;580,531,530,579;531,524,523,530;524,573,572,523;573,580,579,572;579,530,523,572
572,523,530,579;579,530,529,578;530,523,522,529;523,572,571,522;572,579,578,571;578,529,522,571
571,522,529,578;578,529,528,577;529,522,521,528;522,571,570,521;571,578,577,570;577,528,521,570
570,521,528,577;577,528,527,576;528,521,520,527;521,570,569,520;570,577,576,569;576,527,520,569
569,520,527,576;576,527,220,188;527,520,222,220;520,569,190,222;569,576,188,190;188,220,222,190
191,223,221,189;189,221,526,575;221,223,519,526;223,191,568,519;191,189,575,568;575,526,519,568
568,519,526,575;575,526,525,574;526,519,518,525;519,568,567,518;568,575,574,567;574,525,518,567
567,518,525,574;574,525,524,573;525,518,517,524;518,567,566,517;567,574,573,566;573,524,517,566
566,517,524,573;573,524,523,572;524,517,516,523;517,566,565,516;566,573,572,565;572,523,516,565
565,516,523,572;572,523,522,571;523,516,515,522;516,565,564,515;565,572,571,564;571,522,515,564
564,515,522,571;571,522,521,570;522,515,514,521;515,564,563,514;564,571,570,563;570,521,514,563
563,514,521,570;570,521,520,569;521,514,513,520;514,563,562,513;563,570,569,562;569,520,513,562
562,513,520,569;569,520,222,190;520,513,224,222;513,562,192,224;562,569,190,192;190,222,224,192
193,225,223,191;191,223,519,568;223,225,512,519;225,193,561,512;193,191,568,561;568,519,512,561
561,512,519,568;568,519,518,567;519,512,511,518;512,561,560,511;561,568,567,560;567,518,511,560
560,511,518,567;567,518,517,566;518,511,510,517;511,560,559,510;560,567,566,559;566,517,510,559
559,510,517,566;566,517,516,565;517,510,509,516;510,559,558,509;559,566,565,558;565,516,509,558
558,509,516,565;565,516,515,564;516,509,508,515;509,558,557,508;558,565,564,557;564,515,508,557
557,508,515,564;564,515,514,563;515,508,507,514;508,557,556,507;557,564,563,556;563,514,507,556
556,507,514,563;563,514,513,562;514,507,506,513;507,556,555,506;556,563,562,555;562,513,506,555
555,506,513,562;562,513,224,192;513,506,226,224;506,555,194,226;555,562,192,194;192,224,226,194
195,227,225,193;193,225,512,561;225,227,505,512;227,195,554,505;195,193,561,554;561,512,505,554
554,505,512,561;561,512,511,560;512,505,504,511;505,554,553,504;554,561,560,553;560,511,504,553
553,504,511,560;560,511,510,559;511,504,503,510;504,553,552,503;553,560,559,552;559,510,503,552
552,503,510,559;559,510,509,558;510,503,502,509;503,552,551,502;552,559,558,551;558,509,502,551
551,502,509,558;558,509,508,557;509,502,501,508;502,551,550,501;551,558,557,550;557,508,501,550
550,501,508,557;557,508,507,556;508,501,500,507;501,550,549,500;550,557,556,549;556,507,500,549
549,500,507,556;556,507,506,555;507,500,499,506;500,549,548,499;549,556,555,548;555,506,499,548
548,499,506,555;555,506,226,194;506,499,228,226;499,548,196,228;548,555,194,196;194,226,228,196
197,229,227,195;195,227,505,554;227,229,498,505;229,197,547,498;197,195,554,547;554,505,498,547
547,498,505,554;554,505,504,553;505,498,497,504;498,547,546,497;547,554,553,546;553,504,497,546
546,497,504,553;553,504,503,552;504,497,496,503;497,546,545,496;546,553,552,545;552,503,496,545
545,496,503,552;552,503,502,551;503,496,495,502;496,545,544,495;545,552,551,544;551,502,495,544
544,495,502,551;551,502,501,550;502,495,494,501;495,544,543,494;544,551,550,543;550,501,494,543
543,494,501,550;550,501,500,549;501,494,493,500;494,543,542,493;543,550,549,542;549,500,493,542
542,493,500,549;549,500,499,548;500,493,492,499;493,542,541,492;542,549,548,541;548,499,492,541
541,492,499,548;548,499,228,196;499,492,230,228;492,541,198,230;541,548,196,198;196,228,230,198
199,231,229,197;197,229,498,547;229,231,491,498;231,199,540,491;199,197,547,540;547,498,491,540
540,491,498,547;547,498,497,546;498,491,490,497;491,540,539,490;540,547,546,539;546,497,490,539
539,490,497,546;546,497,496,545;497,490,489,496;490,539,538,489;539,546,545,538;545,496,489,538
538,489,496,545;545,496,495,544;496,489,488,495;489,538,537,488;538,545,544,537;544,495,488,537
537,488,495,544;544,495,494,543;495,488,487,494;488,537,536,487;537,544,543,536;543,494,487,536
536,487,494,543;543,494,493,542;494,487,486,493;487,536,535,486;536,543,542,535;542,493,486,535
535,486,493,542;542,493,492,541;493,486,485,492;486,535,534,485;535,542,541,534;541,492,485,534
534,485,492,541;541,492,230,198;492,485,232,230;485,534,200,232;534,541,198,200;198,230,232,200
201,233,231,199;199,231,491,540;231,233,234,491;233,201,202,234;201,199,540,202;540,491,234,202
202,234,491,540;540,491,490,539;491,234,235,490;234,202,203,235;202,540,539,203;539,490,235,203
203,235,490,539;539,490,489,538;490,235,236,489;235,203,204,236;203,539,538,204;538,489,236,204
204,236,489,538;538,489,488,537;489,236,237,488;236,204,205,237;204,538,537,205;537,488,237,205
205,237,488,537;537,488,487,536;488,237,238,487;237,205,206,238;205,537,536,206;536,487,238,206
206,238,487,536;536,487,486,535;487,238,239,486;238,206,207,239;206,536,535,207;535,486,239,207
207,239,486,535;535,486,485,534;486,239,240,485;239,207,208,240;207,535,534,208;534,485,240,208
208,240,485,534;534,485,232,200;485,240,241,232;240,208,209,241;208,534,200,209;200,232,241,209
219,251,242,210;210,242,243,211;242,251,484,243;251,219,533,484;219,210,211,533;211,243,484,533
533,484,243,211;211,243,244,212;243,484,483,244;484,533,532,483;533,211,212,532;212,244,483,532
532,483,244,212;212,244,245,213;244,483,482,245;483,532,531,482;532,212,213,531;213,245,482,531
531,482,245,213;213,245,246,214;245,482,481,246;482,531,530,481;531,213,214,530;214,246,481,530
530,481,246,214;214,246,247,215;246,481,480,247;481,530,529,480;530,214,215,529;215,247,480,529
529,480,247,215;215,247,248,216;247,480,479,248;480,529,528,479;529,215,216,528;216,248,479,528
528,479,248,216;216,248,249,217;248,479,478,249;479,528,527,478;528,216,217,527;217,249,478,527
527,478,249,217;217,249,250,218;249,478,252,250;478,527,220,252;527,217,218,220;218,250,252,220
221,253,251,219;219,251,484,533;251,253,477,484;253,221,526,477;221,219,533,526;533,484,477,526
526,477,484,533;533,484,483,532;484,477,476,483;477,526,525,476;526,533,532,525;532,483,476,525
525,476,483,532;532,483,482,531;483,476,475,482;476,525,524,475;525,532,531,524;531,482,475,524
524,475,482,531;531,482,481,530;482,475,474,481;475,524,523,474;524,531,530,523;530,481,474,523
523,474,481,530;530,481,480,529;481,474,473,480;474,523,522,473;523,530,529,522;529,480,473,522
522,473,480,529;529,480,479,528;480,473,472,479;473,522,521,472;522,529,528,521;528,479,472,521
521,472,479,528;528,479,478,527;479,472,471,478;472,521,520,471;521,528,527,520;527,478,471,520
520,471,478,527;527,478,252,220;478,471,254,252;471,520,222,254;520,527,220,222;220,252,254,222
223,255,253,221;221,253,477,526;253,255,470,477;255,223,519,470;223,221,526,519;526,477,470,519
519,470,477,526;526,477,476,525;477,470,469,476;470,519,518,469;519,526,525,518;525,476,469,518
518,469,476,525;525,476,475,524;476,469,468,475;469,518,517,468;518,525,524,517;524,475,468,517
517,468,475,524;524,475,474,523;475,468,467,474;468,517,516,467;517,524,523,516;523,474,467,516
516,467,474,523;523,474,473,522;474,467,466,473;467,516,515,466;516,523,522,515;522,473,466,515
515,466,473,522;522,473,472,521;473,466,465,472;466,515,514,465;515,522,521,514;521,472,465,514
514,465,472,521;521,472,471,520;472,465,464,471;465,514,513,464;514,521,520,513;520,471,464,513
513,464,471,520;520,471,254,222;471,464,256,254;464,513,224,256;513,520,222,224;222,254,256,224
225,257,255,223;223,255,470,519;255,257,463,470;257,225,512,463;225,223,519,512;519,470,463,512
512,463,470,519;519,470,469,518;470,463,462,469;463,512,511,462;512,519,518,511;518,469,462,511
511,462,469,518;518,469,468,517;469,462,461,468;462,511,510,461;511,518,517,510;517,468,461,510
510,461,468,517;517,468,467,516;468,461,460,467;461,510,509,460;510,517,516,509;516,467,460,509
509,460,467,516;516,467,466,515;467,460,459,466;460,509,508,459;509,516,515,508;515,466,459,508
508,459,466,515;515,466,465,514;466,459,458,465;459,508,507,458;508,515,514,507;514,465,458,507
507,458,465,514;514,465,464,513;465,458,457,464;458,507,506,457;507,514,513,506;513,464,457,506
506,457,464,513;513,464,256,224;464,457,258,256;457,506,226,258;506,513,224,226;224,256,258,226
227,259,257,225;225,257,463,512;257,259,456,463;259,227,505,456;227,225,512,505;512,463,456,505
505,456,463,512;512,463,462,511;463,456,455,462;456,505,504,455;505,512,511,504;511,462,455,504
504,455,462,511;511,462,461,510;462,455,454,461;455,504,503,454;504,511,510,503;510,461,454,503
503,454,461,510;510,461,460,509;461,454,453,460;454,503,502,453;503,510,509,502;509,460,453,502
502,453,460,509;509,460,459,508;460,453,452,459;453,502,501,452;502,509,508,501;508,459,452,501
501,452,459,508;508,459,458,507;459,452,451,458;452,501,500,451;501,508,507,500;507,458,451,500
500,451,458,507;507,458,457,506;458,451,450,457;451,500,499,450;500,507,506,499;506,457,450,499
499,450,457,506;506,457,258,226;457,450,260,258;450,499,228,260;499,506,226,228;226,258,260,228
229,261,259,227;227,259,456,505;259,261,449,456;261,229,498,449;229,227,505,498;505,456,449,498
498,449,456,505;505,456,455,504;456,449,448,455;449,498,497,448;498,505,504,497;504,455,448,497
497,448,455,504;504,455,454,503;455,448,447,454;448,497,496,447;497,504,503,496;503,454,447,496
496,447,454,503;503,454,453,502;454,447,446,453;447,496,495,446;496,503,502,495;502,453,446,495
495,446,453,502;502,453,452,501;453,446,445,452;446,495,494,445;495,502,501,494;501,452,445,494
494,445,452,501;501,452,451,500;452,445,444,451;445,494,493,444;494,501,500,493;500,451,444,493
493,444,451,500;500,451,450,499;451,444,443,450;444,493,492,443;493,500,499,492;499,450,443,492
492,443,450,499;499,450,260,228;450,443,262,260;443,492,230,262;492,499,228,230;228,260,262,230
231,263,261,229;229,261,449,498;261,263,442,449;263,231,491,442;231,229,498,491;498,449,442,491
491,442,449,498;498,449,448,497;449,442,441,448;442,491,490,441;491,498,497,490;497,448,441,490
490,441,448,497;497,448,447,496;448,441,440,447;441,490,489,440;490,497,496,489;496,447,440,489
489,440,447,496;496,447,446,495;447,440,439,446;440,489,488,439;489,496,495,488;495,446,439,488
488,439,446,495;495,446,445,494;446,439,438,445;439,488,487,438;488,495,494,487;494,445,438,487
487,438,445,494;494,445,444,493;445,438,437,444;438,487,486,437;487,494,493,486;493,444,437,486
486,437,444,493;493,444,443,492;444,437,436,443;437,486,485,436;486,493,492,485;492,443,436,485
485,436,443,492;492,443,262,230;443,436,264,262;436,485,232,264;485,492,230,232;230,262,264,232
233,265,263,231;231,263,442,491;263,265,266,442;265,233,234,266;233,231,491,234;491,442,266,234
234,266,442,491;491,442,441,490;442,266,267,441;266,234,235,267;234,491,490,235;490,441,267,235
235,267,441,490;490,441,440,489;441,267,268,440;267,235,236,268;235,490,489,236;489,440,268,236
236,268,440,489;489,440,439,488;440,268,269,439;268,236,237,269;236,489,488,237;488,439,269,237
237,269,439,488;488,439,438,487;439,269,270,438;269,237,238,270;237,488,487,238;487,438,270,238
238,270,438,487;487,438,437,486;438,270,271,437;270,238,239,271;238,487,486,239;486,437,271,239
239,271,437,486;486,437,436,485;437,271,272,436;271,239,240,272;239,486,485,240;485,436,272,240
240,272,436,485;485,436,264,232;436,272,273,264;272,240,241,273;240,485,232,241;232,264,273,241
251,283,274,242;242,274,275,243;274,283,435,275;283,251,484,435;251,242,243,484;243,275,435,484
484,435,275,243;243,275,276,244;275,435,434,276;435,484,483,434;484,243,244,483;244,276,434,483
483,434,276,244;244,276,277,245;276,434,433,277;434,483,482,433;483,244,245,482;245,277,433,482
482,433,277,245;245,277,278,246;277,433,432,278;433,482,481,432;482,245,246,481;246,278,432,481
481,432,278,246;246,278,279,247;278,432,431,279;432,481,480,431;481,246,247,480;247,279,431,480
480,431,279,247;247,279,280,248;279,431,430,280;431,480,479,430;480,247,248,479;248,280,430,479
479,430,280,248;248,280,281,249;280,430,429,281;430,479,478,429;479,248,249,478;249,281,429,478
478,429,281,249;249,281,282,250;281,429,284,282;429,478,252,284;478,249,250,252;250,282,284,252
253,285,283,251;251,283,435,484;283,285,428,435;285,253,477,428;253,251,484,477;484,435,428,477
477,428,435,484;484,435,434,483;435,428,427,434;428,477,476,427;477,484,483,476;483,434,427,476
476,427,434,483;483,434,433,482;434,427,426,433;427,476,475,426;476,483,482,475;482,433,426,475
475,426,433,482;482,433,432,481;433,426,425,432;426,475,474,425;475,482,481,474;481,432,425,474
474,425,432,481;481,432,431,480;432,425,424,431;425,474,473,424;474,481,480,473;480,431,424,473
473,424,431,480;480,431,430,479;431,424,423,430;424,473,472,423;473,480,479,472;479,430,423,472
472,423,430,479;479,430,429,478;430,423,422,429;423,472,471,422;472,479,478,471;478,429,422,471
471,422,429,478;478,429,284,252;429,422,286,284;422,471,254,286;471,478,252,254;252,284,286,254
255,287,285,253;253,285,428,477;285,287,421,428;287,255,470,421;255,253,477,470;477,428,421,470
470,421,428,477;477,428,427,476;428,421,420,427;421,470,469,420;470,477,476,469;476,427,420,469
469,420,427,476;476,427,426,475;427,420,419,426;420,469,468,419;469,476,475,468;475,426,419,468
468,419,426,475;475,426,425,474;426,419,418,425;419,468,467,418;468,475,474,467;474,425,418,467
467,418,425,474;474,425,424,473;425,418,417,424;418,467,466,417;467,474,473,466;473,424,417,466
466,417,424,473;473,424,423,472;424,417,416,423;417,466,465,416;466,473,472,465;472,423,416,465
465,416,423,472;472,423,422,471;423,416,415,422;416,465,464,415;465,472,471,464;471,422,415,464
464,415,422,471;471,422,286,254;422,415,288,286;415,464,256,288;464,471,254,256;254,286,288,256
257,289,287,255;255,287,421,470;287,289,414,421;289,257,463,414;257,255,470,463;470,421,414,463
463,414,421,470;470,421,420,469;421,414,413,420;414,463,462,413;463,470,469,462;469,420,413,462
462,413,420,469;469,420,419,468;420,413,412,419;413,462,461,412;462,469,468,461;468,419,412,461
461,412,419,468;468,419,418,467;419,412,411,418;412,461,460,411;461,468,467,460;467,418,411,460
460,411,418,467;467,418,417,466;418,411,410,417;411,460,459,410;460,467,466,459;466,417,410,459
459,410,417,466;466,417,416,465;417,410,409,416;410,459,458,409;459,466,465,458;465,416,409,458
458,409,416,465;465,416,415,464;416,409,408,415;409,458,457,408;458,465,464,457;464,415,408,457
457,408,415,464;464,415,288,256;415,408,290,288;408,457,258,290;457,464,256,258;256,288,290,258
259,291,289,257;257,289,414,463;289,291,407,414;291,259,456,407;259,257,463,456;463,414,407,456
456,407,414,463;463,414,413,462;414,407,406,413;407,456,455,406;456,463,462,455;462,413,406,455
455,406,413,462;462,413,412,461;413,406,405,412;406,455,454,405;455,462,461,454;461,412,405,454
454,405,412,461;461,412,411,460;412,405,404,411;405,454,453,404;454,461,460,453;460,411,404,453
453,404,411,460;460,411,410,459;411,404,403,410;404,453,452,403;453,460,459,452;459,410,403,452
452,403,410,459;459,410,409,458;410,403,402,409;403,452,451,402;452,459,458,451;458,409,402,451
451,402,409,458;458,409,408,457;409,402,401,408;402,451,450,401;451,458,457,450;457,408,401,450
450,401,408,457;457,408,290,258;408,401,292,290;401,450,260,292;450,457,258,260;258,290,292,260
261,293,291,259;259,291,407,456;291,293,400,407;293,261,449,400;261,259,456,449;456,407,400,449
449,400,407,456;456,407,406,455;407,400,399,406;400,449,448,399;449,456,455,448;455,406,399,448
448,399,406,455;455,406,405,454;406,399,398,405;399,448,447,398;448,455,454,447;454,405,398,447
447,398,405,454;454,405,404,453;405,398,397,404;398,447,446,397;447,454,453,446;453,404,397,446
446,397,404,453;453,404,403,452;404,397,396,403;397,446,445,396;446,453,452,445;452,403,396,445
445,396,403,452;452,403,402,451;403,396,395,402;396,445,444,395;445,452,451,444;451,402,395,444
444,395,402,451;451,402,401,450;402,395,394,401;395,444,443,394;444,451,450,443;450,401,394,443
443,394,401,450;450,401,292,260;401,394,294,292;394,443,262,294;443,450,260,262;260,292,294,262
263,295,293,261;261,293,400,449;293,295,393,400;295,263,442,393;263,261,449,442;449,400,393,442
442,393,400,449;449,400,399,448;400,393,392,399;393,442,441,392;442,449,448,441;448,399,392,441
441,392,399,448;448,399,398,447;399,392,391,398;392,441,440,391;441,448,447,440;447,398,391,440
440,391,398,447;447,398,397,446;398,391,390,397;391,440,439,390;440,447,446,439;446,397,390,439
439,390,397,446;446,397,396,445;397,390,389,396;390,439,438,389;439,446,445,438;445,396,389,438
438,389,396,445;445,396,395,444;396,389,388,395;389,438,437,388;438,445,444,437;444,395,388,437
437,388,395,444;444,395,394,443;395,388,387,394;388,437,436,387;437,444,443,436;443,394,387,436
436,387,394,443;443,394,294,262;394,387,296,294;387,436,264,296;436,443,262,264;262,294,296,264
265,297,295,263;263,295,393,442;295,297,298,393;297,265,266,298;265,263,442,266;442,393,298,266
266,298,393,442;442,393,392,441;393,298,299,392;298,266,267,299;266,442,441,267;441,392,299,267
267,299,392,441;441,392,391,440;392,299,300,391;299,267,268,300;267,441,440,268;440,391,300,268
268,300,391,440;440,391,390,439;391,300,301,390;300,268,269,301;268,440,439,269;439,390,301,269
269,301,390,439;439,390,389,438;390,301,302,389;301,269,270,302;269,439,438,270;438,389,302,270
270,302,389,438;438,389,388,437;389,302,303,388;302,270,271,303;270,438,437,271;437,388,303,271
271,303,388,437;437,388,387,436;388,303,304,387;303,271,272,304;271,437,436,272;436,387,304,272
272,304,387,436;436,387,296,264;387,304,305,296;304,272,273,305;272,436,264,273;264,296,305,273
283,315,306,274;274,306,307,275;306,315,316,307;315,283,435,316;283,274,275,435;275,307,316,435
435,316,307,275;275,307,308,276;307,316,317,308;316,435,434,317;435,275,276,434;276,308,317,434
434,317,308,276;276,308,309,277;308,317,318,309;317,434,433,318;434,276,277,433;277,309,318,433
433,318,309,277;277,309,310,278;309,318,319,310;318,433,432,319;433,277,278,432;278,310,319,432
432,319,310,278;278,310,311,279;310,319,320,311;319,432,431,320;432,278,279,431;279,311,320,431
431,320,311,279;279,311,312,280;311,320,321,312;320,431,430,321;431,279,280,430;280,312,321,430
430,321,312,280;280,312,313,281;312,321,322,313;321,430,429,322;430,280,281,429;281,313,322,429
429,322,313,281;281,313,314,282;313,322,323,314;322,429,284,323;429,281,282,284;282,314,323,284
285,324,315,283;283,315,316,435;315,324,325,316;324,285,428,325;285,283,435,428;435,316,325,428
428,325,316,435;435,316,317,434;316,325,326,317;325,428,427,326;428,435,434,427;434,317,326,427
427,326,317,434;434,317,318,433;317,326,327,318;326,427,426,327;427,434,433,426;433,318,327,426
426,327,318,433;433,318,319,432;318,327,328,319;327,426,425,328;426,433,432,425;432,319,328,425
425,328,319,432;432,319,320,431;319,328,329,320;328,425,424,329;425,432,431,424;431,320,329,424
424,329,320,431;431,320,321,430;320,329,330,321;329,424,423,330;424,431,430,423;430,321,330,423
423,330,321,430;430,321,322,429;321,330,331,322;330,423,422,331;423,430,429,422;429,322,331,422
422,331,322,429;429,322,323,284;322,331,332,323;331,422,286,332;422,429,284,286;284,323,332,286
287,333,324,285;285,324,325,428;324,333,334,325;333,287,421,334;287,285,428,421;428,325,334,421
421,334,325,428;428,325,326,427;325,334,335,326;334,421,420,335;421,428,427,420;427,326,335,420
420,335,326,427;427,326,327,426;326,335,336,327;335,420,419,336;420,427,426,419;426,327,336,419
419,336,327,426;426,327,328,425;327,336,337,328;336,419,418,337;419,426,425,418;425,328,337,418
418,337,328,425;425,328,329,424;328,337,338,329;337,418,417,338;418,425,424,417;424,329,338,417
417,338,329,424;424,329,330,423;329,338,339,330;338,417,416,339;417,424,423,416;423,330,339,416
416,339,330,423;423,330,331,422;330,339,340,331;339,416,415,340;416,423,422,415;422,331,340,415
415,340,331,422;422,331,332,286;331,340,341,332;340,415,288,341;415,422,286,288;286,332,341,288
289,342,333,287;287,333,334,421;333,342,343,334;342,289,414,343;289,287,421,414;421,334,343,414
414,343,334,421;421,334,335,420;334,343,344,335;343,414,413,344;414,421,420,413;420,335,344,413
413,344,335,420;420,335,336,419;335,344,345,336;344,413,412,345;413,420,419,412;419,336,345,412
412,345,336,419;419,336,337,418;336,345,346,337;345,412,411,346;412,419,418,411;418,337,346,411
411,346,337,418;418,337,338,417;337,346,347,338;346,411,410,347;411,418,417,410;417,338,347,410
410,347,338,417;417,338,339,416;338,347,348,339;347,410,409,348;410,417,416,409;416,339,348,409
409,348,339,416;416,339,340,415;339,348,349,340;348,409,408,349;409,416,415,408;415,340,349,408
408,349,340,415;415,340,341,288;340,349,350,341;349,408,290,350;408,415,288,290;288,341,350,290
291,351,342,289;289,342,343,414;342,351,352,343;351,291,407,352;291,289,414,407;414,343,352,407
407,352,343,414;414,343,344,413;343,352,353,344;352,407,406,353;407,414,413,406;413,344,353,406
406,353,344,413;413,344,345,412;344,353,354,345;353,406,405,354;406,413,412,405;412,345,354,405
405,354,345,412;412,345,346,411;345,354,355,346;354,405,404,355;405,412,411,404;411,346,355,404
404,355,346,411;411,346,347,410;346,355,356,347;355,404,403,356;404,411,410,403;410,347,356,403
403,356,347,410;410,347,348,409;347,356,357,348;356,403,402,357;403,410,409,402;409,348,357,402
402,357,348,409;409,348,349,408;348,357,358,349;357,402,401,358;402,409,408,401;408,349,358,401
401,358,349,408;408,349,350,290;349,358,359,350;358,401,292,359;401,408,290,292;290,350,359,292
293,360,351,291;291,351,352,407;351,360,361,352;360,293,400,361;293,291,407,400;407,352,361,400
400,361,352,407;407,352,353,406;352,361,362,353;361,400,399,362;400,407,406,399;406,353,362,399
399,362,353,406;406,353,354,405;353,362,363,354;362,399,398,363;399,406,405,398;405,354,363,398
398,363,354,405;405,354,355,404;354,363,364,355;363,398,397,364;398,405,404,397;404,355,364,397
397,364,355,404;404,355,356,403;355,364,365,356;364,397,396,365;397,404,403,396;403,356,365,396
396,365,356,403;403,356,357,402;356,365,366,357;365,396,395,366;396,403,402,395;402,357,366,395
395,366,357,402;402,357,358,401;357,366,367,358;366,395,394,367;395,402,401,394;401,358,367,394
394,367,358,401;401,358,359,292;358,367,368,359;367,394,294,368;394,401,292,294;292,359,368,294
295,369,360,293;293,360,361,400;360,369,370,361;369,295,393,370;295,293,400,393;400,361,370,393
393,370,361,400;400,361,362,399;361,370,371,362;370,393,392,371;393,400,399,392;399,362,371,392
392,371,362,399;399,362,363,398;362,371,372,363;371,392,391,372;392,399,398,391;398,363,372,391
391,372,363,398;398,363,364,397;363,372,373,364;372,391,390,373;391,398,397,390;397,364,373,390
390,373,364,397;397,364,365,396;364,373,374,365;373,390,389,374;390,397,396,389;396,365,374,389
389,374,365,396;396,365,366,395;365,374,375,366;374,389,388,375;389,396,395,388;395,366,375,388
388,375,366,395;395,366,367,394;366,375,376,367;375,388,387,376;388,395,394,387;394,367,376,387
387,376,367,394;394,367,368,294;367,376,377,368;376,387,296,377;387,394,294,296;294,368,377,296
297,378,369,295;295,369,370,393;369,378,379,370;378,297,298,379;297,295,393,298;393,370,379,298
298,379,370,393;393,370,371,392;370,379,380,371;379,298,299,380;298,393,392,299;392,371,380,299
299,380,371,392;392,371,372,391;371,380,381,372;380,299,300,381;299,392,391,300;391,372,381,300
300,381,372,391;391,372,373,390;372,381,382,373;381,300,301,382;300,391,390,301;390,373,382,301
301,382,373,390;390,373,374,389;373,382,383,374;382,301,302,383;301,390,389,302;389,374,383,302
302,383,374,389;389,374,375,388;374,383,384,375;383,302,303,384;302,389,388,303;388,375,384,303
303,384,375,388;388,375,376,387;375,384,385,376;384,303,304,385;303,388,387,304;387,376,385,304
304,385,376,387;387,376,377,296;376,385,386,377;385,304,305,386;304,387,296,305;296,377,386,305
