0
0
0
0
0
0
0
0
0
0
0
0
0
0
0
0
0
0
0
0
0
0
0
0
0
0
0
0
0
0
0
0
0
0
0
0
0
0
0
0
0
0
0
0
0
0
0
0
0
0
0
0
0
0
0
0
0
0
0
0
0
0
0
0
0
0
0
0
0
0
0
0
0
0
0
0
0
0
0
0
0
0
0
0
0
0
0
0
0
0
0
0
0
0
0
0
0
0
0
0
0
0
0
0
0
0
0
0
0
0
0
0
0
0
0
0
0
0
0
0
0
0
0
0
0
0
0
0
0
0
0
0
0
0
0
0
0
0
0
0
0
0
0
0
0
0
0
0
0
0
0
0
0
0
0
0
0
0
0
0
0
0
0
0
0
0
0
0
0
0
0
0
0
0
0
0
0
0
0
0
0
0
0
0
0
0
0
0
0
0
0
0
0
0
0
0
0
0
0
0
0
0
0
0
0
0
0
0
0
0
0
0
0
0
0
0
0
0
0
0
0
0
0
0
0
0
0
0
0
0
0
0
0
0
0
0
0
0
0
0
0
0
0
0
0
0
0
0
0
0
0
0
0
0
0
0
0
0
0
0
0
0
0
0
0
0
0
0
0
0
0
0
0
0
0
0
0
0
0
0
0
0
0
0
0
0
0
0
0
0
0
0
0
0
0
0
0
0
0
0
0
0
0
0
0
0
0
8.24626e-16
0
3.21753e-16
0
-6.99084e-16
0
-5.94522e-16
0
4.67113e-16
0
7.7678e-16
0
-1.64028e-16
0
-8.40781e-16
0
-1.64028e-16
0
7.7678e-16
0
4.67113e-16
0
-5.94522e-16
0
-6.99084e-16
0
3.21753e-16
0
8.24626e-16
0
8.24626e-16
3.21753e-16
-6.99084e-16
-5.94522e-16
4.67113e-16
7.7678e-16
-1.64028e-16
-8.40781e-16
-1.64028e-16
7.7678e-16
4.67113e-16
-5.94522e-16
-6.99084e-16
3.21753e-16
8.24626e-16
7.20762e-31
0
0
0
0
0
0
0
0
0
0
0
0
0
0
0
0
0
0
3.21753e-16
0
1.25542e-16
0
-2.72769e-16
0
-2.31971e-16
0
1.82258e-16
0
3.03085e-16
0
-6.40006e-17
0
-3.28056e-16
0
-6.40006e-17
0
3.03085e-16
0
1.82258e-16
0
-2.31971e-16
0
-2.72769e-16
0
1.25542e-16
0
3.21753e-16
0
3.21753e-16
1.25542e-16
-2.72769e-16
-2.31971e-16
1.82258e-16
3.03085e-16
-6.40006e-17
-3.28056e-16
-6.40006e-17
3.03085e-16
1.82258e-16
-2.31971e-16
-2.72769e-16
1.25542e-16
3.21753e-16
2.81227e-31
0
0
0
0
0
0
0
0
0
0
0
0
0
0
0
0
0
0
-6.99084e-16
0
-2.72769e-16
0
5.92655e-16
0
5.04011e-16
0
-3.95999e-16
0
-6.58523e-16
0
1.39056e-16
0
7.1278e-16
0
1.39056e-16
0
-6.58523e-16
0
-3.95999e-16
0
5.04011e-16
0
5.92655e-16
0
-2.72769e-16
0
-6.99084e-16
0
-6.99084e-16
-2.72769e-16
5.92655e-16
5.04011e-16
-3.95999e-16
-6.58523e-16
1.39056e-16
7.1278e-16
1.39056e-16
-6.58523e-16
-3.95999e-16
5.04011e-16
5.92655e-16
-2.72769e-16
-6.99084e-16
-6.11032e-31
0
0
0
0
0
0
0
0
0
0
0
0
0
0
0
0
0
0
-5.94522e-16
0
-2.31971e-16
0
5.04011e-16
0
4.28626e-16
0
-3.3677e-16
0
-5.60027e-16
0
1.18258e-16
0
6.06169e-16
0
1.18258e-16
0
-5.60027e-16
0
-3.3677e-16
0
4.28626e-16
0
5.04011e-16
0
-2.31971e-16
0
-5.94522e-16
0
-5.94522e-16
-2.31971e-16
5.04011e-16
4.28626e-16
-3.3677e-16
-5.60027e-16
1.18258e-16
6.06169e-16
1.18258e-16
-5.60027e-16
-3.3677e-16
4.28626e-16
5.04011e-16
-2.31971e-16
-5.94522e-16
-5.1964e-31
0
0
0
0
0
0
0
0
0
0
0
0
0
0
0
0
0
0
4.67113e-16
0
1.82258e-16
0
-3.95999e-16
0
-3.3677e-16
0
2.64598e-16
0
4.40011e-16
0
-9.29145e-17
0
-4.76264e-16
0
-9.29145e-17
0
4.40011e-16
0
2.64598e-16
0
-3.3677e-16
0
-3.95999e-16
0
1.82258e-16
0
4.67113e-16
0
4.67113e-16
1.82258e-16
-3.95999e-16
-3.3677e-16
2.64598e-16
4.40011e-16
-9.29145e-17
-4.76264e-16
-9.29145e-17
4.40011e-16
2.64598e-16
-3.3677e-16
-3.95999e-16
1.82258e-16
4.67113e-16
4.08279e-31
0
0
0
0
0
0
0
0
0
0
0
0
0
0
0
0
0
0
7.7678e-16
0
3.03085e-16
0
-6.58523e-16
0
-5.60027e-16
0
4.40011e-16
0
7.31711e-16
0
-1.54511e-16
0
-7.91998e-16
0
-1.54511e-16
0
7.31711e-16
0
4.40011e-16
0
-5.60027e-16
0
-6.58523e-16
0
3.03085e-16
0
7.7678e-16
0
7.7678e-16
3.03085e-16
-6.58523e-16
-5.60027e-16
4.40011e-16
7.31711e-16
-1.54511e-16
-7.91998e-16
-1.54511e-16
7.31711e-16
4.40011e-16
-5.60027e-16
-6.58523e-16
3.03085e-16
7.7678e-16
6.78943e-31
0
0
0
0
0
0
0
0
0
0
0
0
0
0
0
0
0
0
-1.64028e-16
0
-6.40006e-17
0
1.39056e-16
0
1.18258e-16
0
-9.29145e-17
0
-1.54511e-16
0
3.26272e-17
0
1.67242e-16
0
3.26272e-17
0
-1.54511e-16
0
-9.29145e-17
0
1.18258e-16
0
1.39056e-16
0
-6.40006e-17
0
-1.64028e-16
0
-1.64028e-16
-6.40006e-17
1.39056e-16
1.18258e-16
-9.29145e-17
-1.54511e-16
3.26272e-17
1.67242e-16
3.26272e-17
-1.54511e-16
-9.29145e-17
1.18258e-16
1.39056e-16
-6.40006e-17
-1.64028e-16
-1.43368e-31
0
0
0
0
0
0
0
0
0
0
0
0
0
0
0
0
0
0
-8.40781e-16
0
-3.28056e-16
0
7.1278e-16
0
6.06169e-16
0
-4.76264e-16
0
-7.91998e-16
0
1.67242e-16
0
8.57253e-16
0
1.67242e-16
0
-7.91998e-16
0
-4.76264e-16
0
6.06169e-16
0
7.1278e-16
0
-3.28056e-16
0
-8.40781e-16
0
-8.40781e-16
-3.28056e-16
7.1278e-16
6.06169e-16
-4.76264e-16
-7.91998e-16
1.67242e-16
8.57253e-16
1.67242e-16
-7.91998e-16
-4.76264e-16
6.06169e-16
7.1278e-16
-3.28056e-16
-8.40781e-16
-7.34882e-31
0
0
0
0
0
0
0
0
0
0
0
0
0
0
0
0
0
0
-1.64028e-16
0
-6.40006e-17
0
1.39056e-16
0
1.18258e-16
0
-9.29145e-17
0
-1.54511e-16
0
3.26272e-17
0
1.67242e-16
0
3.26272e-17
0
-1.54511e-16
0
-9.29145e-17
0
1.18258e-16
0
1.39056e-16
0
-6.40006e-17
0
-1.64028e-16
0
-1.64028e-16
-6.40006e-17
1.39056e-16
1.18258e-16
-9.29145e-17
-1.54511e-16
3.26272e-17
1.67242e-16
3.26272e-17
-1.54511e-16
-9.29145e-17
1.18258e-16
1.39056e-16
-6.40006e-17
-1.64028e-16
-1.43368e-31
0
0
0
0
0
0
0
0
0
0
0
0
0
0
0
0
0
0
7.7678e-16
0
3.03085e-16
0
-6.58523e-16
0
-5.60027e-16
0
4.40011e-16
0
7.31711e-16
0
-1.54511e-16
0
-7.91998e-16
0
-1.54511e-16
0
7.31711e-16
0
4.40011e-16
0
-5.60027e-16
0
-6.58523e-16
0
3.03085e-16
0
7.7678e-16
0
7.7678e-16
3.03085e-16
-6.58523e-16
-5.60027e-16
4.40011e-16
7.31711e-16
-1.54511e-16
-7.91998e-16
-1.54511e-16
7.31711e-16
4.40011e-16
-5.60027e-16
-6.58523e-16
3.03085e-16
7.7678e-16
6.78943e-31
0
0
0
0
0
0
0
0
0
0
0
0
0
0
0
0
0
0
4.67113e-16
0
1.82258e-16
0
-3.95999e-16
0
-3.3677e-16
0
2.64598e-16
0
4.40011e-16
0
-9.29145e-17
0
-4.76264e-16
0
-9.29145e-17
0
4.40011e-16
0
2.64598e-16
0
-3.3677e-16
0
-3.95999e-16
0
1.82258e-16
0
4.67113e-16
0
4.67113e-16
1.82258e-16
-3.95999e-16
-3.3677e-16
2.64598e-16
4.40011e-16
-9.29145e-17
-4.76264e-16
-9.29145e-17
4.40011e-16
2.64598e-16
-3.3677e-16
-3.95999e-16
1.82258e-16
4.67113e-16
4.08279e-31
0
0
0
0
0
0
0
0
0
0
0
0
0
0
0
0
0
0
-5.94522e-16
0
-2.31971e-16
0
5.04011e-16
0
4.28626e-16
0
-3.3677e-16
0
-5.60027e-16
0
1.18258e-16
0
6.06169e-16
0
1.18258e-16
0
-5.60027e-16
0
-3.3677e-16
0
4.28626e-16
0
5.04011e-16
0
-2.31971e-16
0
-5.94522e-16
0
-5.94522e-16
-2.31971e-16
5.04011e-16
4.28626e-16
-3.3677e-16
-5.60027e-16
1.18258e-16
6.06169e-16
1.18258e-16
-5.60027e-16
-3.3677e-16
4.28626e-16
5.04011e-16
-2.31971e-16
-5.94522e-16
-5.1964e-31
0
0
0
0
0
0
0
0
0
0
0
0
0
0
0
0
0
0
-6.99084e-16
0
-2.72769e-16
0
5.92655e-16
0
5.04011e-16
0
-3.95999e-16
0
-6.58523e-16
0
1.39056e-16
0
7.1278e-16
0
1.39056e-16
0
-6.58523e-16
0
-3.95999e-16
0
5.04011e-16
0
5.92655e-16
0
-2.72769e-16
0
-6.99084e-16
0
-6.99084e-16
-2.72769e-16
5.92655e-16
5.04011e-16
-3.95999e-16
-6.58523e-16
1.39056e-16
7.1278e-16
1.39056e-16
-6.58523e-16
-3.95999e-16
5.04011e-16
5.92655e-16
-2.72769e-16
-6.99084e-16
-6.11032e-31
0
0
0
0
0
0
0
0
0
0
0
0
0
0
0
0
0
0
3.21753e-16
0
1.25542e-16
0
-2.72769e-16
0
-2.31971e-16
0
1.82258e-16
0
3.03085e-16
0
-6.40006e-17
0
-3.28056e-16
0
-6.40006e-17
0
3.03085e-16
0
1.82258e-16
0
-2.31971e-16
0
-2.72769e-16
0
1.25542e-16
0
3.21753e-16
0
3.21753e-16
1.25542e-16
-2.72769e-16
-2.31971e-16
1.82258e-16
3.03085e-16
-6.40006e-17
-3.28056e-16
-6.40006e-17
3.03085e-16
1.82258e-16
-2.31971e-16
-2.72769e-16
1.25542e-16
3.21753e-16
2.81227e-31
0
0
0
0
0
0
0
0
0
0
0
0
0
0
0
0
0
0
8.24626e-16
0
3.21753e-16
0
-6.99084e-16
0
-5.94522e-16
0
4.67113e-16
0
7.7678e-16
0
-1.64028e-16
0
-8.40781e-16
0
-1.64028e-16
0
7.7678e-16
0
4.67113e-16
0
-5.94522e-16
0
-6.99084e-16
0
3.21753e-16
0
8.24626e-16
0
8.24626e-16
3.21753e-16
-6.99084e-16
-5.94522e-16
4.67113e-16
7.7678e-16
-1.64028e-16
-8.40781e-16
-1.64028e-16
7.7678e-16
4.67113e-16
-5.94522e-16
-6.99084e-16
3.21753e-16
8.24626e-16
7.20762e-31
0
0
0
0
0
0
0
0
0
0
0
0
0
0
0
0
0
0
8.24626e-16
3.21753e-16
-6.99084e-16
-5.94522e-16
4.67113e-16
7.7678e-16
-1.64028e-16
-8.40781e-16
-1.64028e-16
7.7678e-16
4.67113e-16
-5.94522e-16
-6.99084e-16
3.21753e-16
8.24626e-16
7.20762e-31
0
3.21753e-16
1.25542e-16
-2.72769e-16
-2.31971e-16
1.82258e-16
3.03085e-16
-6.40006e-17
-3.28056e-16
-6.40006e-17
3.03085e-16
1.82258e-16
-2.31971e-16
-2.72769e-16
1.25542e-16
3.21753e-16
2.81227e-31
0
-6.99084e-16
-2.72769e-16
5.92655e-16
5.04011e-16
-3.95999e-16
-6.58523e-16
1.39056e-16
7.1278e-16
1.39056e-16
-6.58523e-16
-3.95999e-16
5.04011e-16
5.92655e-16
-2.72769e-16
-6.99084e-16
-6.11032e-31
0
-5.94522e-16
-2.31971e-16
5.04011e-16
4.28626e-16
-3.3677e-16
-5.60027e-16
1.18258e-16
6.06169e-16
1.18258e-16
-5.60027e-16
-3.3677e-16
4.28626e-16
5.04011e-16
-2.31971e-16
-5.94522e-16
-5.1964e-31
0
4.67113e-16
1.82258e-16
-3.95999e-16
-3.3677e-16
2.64598e-16
4.40011e-16
-9.29145e-17
-4.76264e-16
-9.29145e-17
4.40011e-16
2.64598e-16
-3.3677e-16
-3.95999e-16
1.82258e-16
4.67113e-16
4.08279e-31
0
7.7678e-16
3.03085e-16
-6.58523e-16
-5.60027e-16
4.40011e-16
7.31711e-16
-1.54511e-16
-7.91998e-16
-1.54511e-16
7.31711e-16
4.40011e-16
-5.60027e-16
-6.58523e-16
3.03085e-16
7.7678e-16
6.78943e-31
0
-1.64028e-16
-6.40006e-17
1.39056e-16
1.18258e-16
-9.29145e-17
-1.54511e-16
3.26272e-17
1.67242e-16
3.26272e-17
-1.54511e-16
-9.29145e-17
1.18258e-16
1.39056e-16
-6.40006e-17
-1.64028e-16
-1.43368e-31
0
-8.40781e-16
-3.28056e-16
7.1278e-16
6.06169e-16
-4.76264e-16
-7.91998e-16
1.67242e-16
8.57253e-16
1.67242e-16
-7.91998e-16
-4.76264e-16
6.06169e-16
7.1278e-16
-3.28056e-16
-8.40781e-16
-7.34882e-31
0
-1.64028e-16
-6.40006e-17
1.39056e-16
1.18258e-16
-9.29145e-17
-1.54511e-16
3.26272e-17
1.67242e-16
3.26272e-17
-1.54511e-16
-9.29145e-17
1.18258e-16
1.39056e-16
-6.40006e-17
-1.64028e-16
-1.43368e-31
0
7.7678e-16
3.03085e-16
-6.58523e-16
-5.60027e-16
4.40011e-16
7.31711e-16
-1.54511e-16
-7.91998e-16
-1.54511e-16
7.31711e-16
4.40011e-16
-5.60027e-16
-6.58523e-16
3.03085e-16
7.7678e-16
6.78943e-31
0
4.67113e-16
1.82258e-16
-3.95999e-16
-3.3677e-16
2.64598e-16
4.40011e-16
-9.29145e-17
-4.76264e-16
-9.29145e-17
4.40011e-16
2.64598e-16
-3.3677e-16
-3.95999e-16
1.82258e-16
4.67113e-16
4.08279e-31
0
-5.94522e-16
-2.31971e-16
5.04011e-16
4.28626e-16
-3.3677e-16
-5.60027e-16
1.18258e-16
6.06169e-16
1.18258e-16
-5.60027e-16
-3.3677e-16
4.28626e-16
5.04011e-16
-2.31971e-16
-5.94522e-16
-5.1964e-31
0
-6.99084e-16
-2.72769e-16
5.92655e-16
5.04011e-16
-3.95999e-16
-6.58523e-16
1.39056e-16
7.1278e-16
1.39056e-16
-6.58523e-16
-3.95999e-16
5.04011e-16
5.92655e-16
-2.72769e-16
-6.99084e-16
-6.11032e-31
0
3.21753e-16
1.25542e-16
-2.72769e-16
-2.31971e-16
1.82258e-16
3.03085e-16
-6.40006e-17
-3.28056e-16
-6.40006e-17
3.03085e-16
1.82258e-16
-2.31971e-16
-2.72769e-16
1.25542e-16
3.21753e-16
2.81227e-31
0
8.24626e-16
3.21753e-16
-6.99084e-16
-5.94522e-16
4.67113e-16
7.7678e-16
-1.64028e-16
-8.40781e-16
-1.64028e-16
7.7678e-16
4.67113e-16
-5.94522e-16
-6.99084e-16
3.21753e-16
8.24626e-16
7.20762e-31
0
7.20762e-31
2.81227e-31
-6.11032e-31
-5.1964e-31
4.08279e-31
6.78943e-31
-1.43368e-31
-7.34882e-31
-1.43368e-31
6.78943e-31
4.08279e-31
-5.1964e-31
-6.11032e-31
2.81227e-31
7.20762e-31
6.2998e-46
0.371343
0.144891
-0.314809
-0.267723
0.210349
0.349797
-0.0738647
-0.378618
-0.0738647
0.349797
0.210349
-0.267723
-0.314809
0.144891
0.371343
0.144891
0.0565336
-0.122832
-0.10446
0.082074
0.136484
-0.0288206
-0.147729
-0.0288206
0.136484
0.082074
-0.10446
-0.122832
0.0565336
0.144891
-0.314809
-0.122832
0.266882
0.226965
-0.178325
-0.296544
0.0626194
0.320977
0.0626194
-0.296544
-0.178325
0.226965
0.266882
-0.122832
-0.314809
-0.267723
-0.10446
0.226965
0.193018
-0.151653
-0.25219
0.0532535
0.272968
0.0532535
-0.25219
-0.151653
0.193018
0.226965
-0.10446
-0.267723
0.210349
0.082074
-0.178325
-0.151653
0.119153
0.198144
-0.041841
-0.21447
-0.041841
0.198144
0.119153
-0.151653
-0.178325
0.082074
0.210349
0.349797
0.136484
-0.296544
-0.25219
0.198144
0.329502
-0.069579
-0.35665
-0.069579
0.329502
0.198144
-0.25219
-0.296544
0.136484
0.349797
-0.0738647
-0.0288206
0.0626194
0.0532535
-0.041841
-0.069579
0.0146926
0.0753118
0.0146926
-0.069579
-0.041841
0.0532535
0.0626194
-0.0288206
-0.0738647
-0.378618
-0.147729
0.320977
0.272968
-0.21447
-0.35665
0.0753118
0.386035
0.0753118
-0.35665
-0.21447
0.272968
0.320977
-0.147729
-0.378618
-0.0738647
-0.0288206
0.0626194
0.0532535
-0.041841
-0.069579
0.0146926
0.0753118
0.0146926
-0.069579
-0.041841
0.0532535
0.0626194
-0.0288206
-0.0738647
0.349797
0.136484
-0.296544
-0.25219
0.198144
0.329502
-0.069579
-0.35665
-0.069579
0.329502
0.198144
-0.25219
-0.296544
0.136484
0.349797
0.210349
0.082074
-0.178325
-0.151653
0.119153
0.198144
-0.041841
-0.21447
-0.041841
0.198144
0.119153
-0.151653
-0.178325
0.082074
0.210349
-0.267723
-0.10446
0.226965
0.193018
-0.151653
-0.25219
0.0532535
0.272968
0.0532535
-0.25219
-0.151653
0.193018
0.226965
-0.10446
-0.267723
-0.314809
-0.122832
0.266882
0.226965
-0.178325
-0.296544
0.0626194
0.320977
0.0626194
-0.296544
-0.178325
0.226965
0.266882
-0.122832
-0.314809
0.144891
0.0565336
-0.122832
-0.10446
0.082074
0.136484
-0.0288206
-0.147729
-0.0288206
0.136484
0.082074
-0.10446
-0.122832
0.0565336
0.144891
0.371343
0.144891
-0.314809
-0.267723
0.210349
0.349797
-0.0738647
-0.378618
-0.0738647
0.349797
0.210349
-0.267723
-0.314809
0.144891
0.371343
0.144891
0.0565336
-0.122832
-0.10446
0.082074
0.136484
-0.0288206
-0.147729
-0.0288206
0.136484
0.082074
-0.10446
-0.122832
0.0565336
0.144891
0.0565336
0.0220583
-0.0479269
-0.0407584
0.0320237
0.0532535
-0.0112452
-0.0576411
-0.0112452
0.0532535
0.0320237
-0.0407584
-0.0479269
0.0220583
0.0565336
-0.122832
-0.0479269
0.104132
0.0885573
-0.069579
-0.115706
0.0244329
0.125239
0.0244329
-0.115706
-0.069579
0.0885573
0.104132
-0.0479269
-0.122832
-0.10446
-0.0407584
0.0885573
0.0753118
-0.0591721
-0.0983996
0.0207785
0.106507
0.0207785
-0.0983996
-0.0591721
0.0753118
0.0885573
-0.0407584
-0.10446
0.082074
0.0320237
-0.069579
-0.0591721
0.0464912
0.077312
-0.0163255
-0.083682
-0.0163255
0.077312
0.0464912
-0.0591721
-0.069579
0.0320237
0.082074
0.136484
0.0532535
-0.115706
-0.0983996
0.077312
0.128565
-0.0271484
-0.139158
-0.0271484
0.128565
0.077312
-0.0983996
-0.115706
0.0532535
0.136484
-0.0288206
-0.0112452
0.0244329
0.0207785
-0.0163255
-0.0271484
0.00573277
0.0293852
0.00573277
-0.0271484
-0.0163255
0.0207785
0.0244329
-0.0112452
-0.0288206
-0.147729
-0.0576411
0.125239
0.106507
-0.083682
-0.139158
0.0293852
0.150624
0.0293852
-0.139158
-0.083682
0.106507
0.125239
-0.0576411
-0.147729
-0.0288206
-0.0112452
0.0244329
0.0207785
-0.0163255
-0.0271484
0.00573277
0.0293852
0.00573277
-0.0271484
-0.0163255
0.0207785
0.0244329
-0.0112452
-0.0288206
0.136484
0.0532535
-0.115706
-0.0983996
0.077312
0.128565
-0.0271484
-0.139158
-0.0271484
0.128565
0.077312
-0.0983996
-0.115706
0.0532535
0.136484
0.082074
0.0320237
-0.069579
-0.0591721
0.0464912
0.077312
-0.0163255
-0.083682
-0.0163255
0.077312
0.0464912
-0.0591721
-0.069579
0.0320237
0.082074
-0.10446
-0.0407584
0.0885573
0.0753118
-0.0591721
-0.0983996
0.0207785
0.106507
0.0207785
-0.0983996
-0.0591721
0.0753118
0.0885573
-0.0407584
-0.10446
-0.122832
-0.0479269
0.104132
0.0885573
-0.069579
-0.115706
0.0244329
0.125239
0.0244329
-0.115706
-0.069579
0.0885573
0.104132
-0.0479269
-0.122832
0.0565336
0.0220583
-0.0479269
-0.0407584
0.0320237
0.0532535
-0.0112452
-0.0576411
-0.0112452
0.0532535
0.0320237
-0.0407584
-0.0479269
0.0220583
0.0565336
0.144891
0.0565336
-0.122832
-0.10446
0.082074
0.136484
-0.0288206
-0.147729
-0.0288206
0.136484
0.082074
-0.10446
-0.122832
0.0565336
0.144891
-0.314809
-0.122832
0.266882
0.226965
-0.178325
-0.296544
0.0626194
0.320977
0.0626194
-0.296544
-0.178325
0.226965
0.266882
-0.122832
-0.314809
-0.122832
-0.0479269
0.104132
0.0885573
-0.069579
-0.115706
0.0244329
0.125239
0.0244329
-0.115706
-0.069579
0.0885573
0.104132
-0.0479269
-0.122832
0.266882
0.104132
-0.226252
-0.192411
0.151177
0.251398
-0.0530862
-0.272111
-0.0530862
0.251398
0.151177
-0.192411
-0.226252
0.104132
0.266882
0.226965
0.0885573
-0.192411
-0.163633
0.128565
0.213796
-0.0451461
-0.231411
-0.0451461
0.213796
0.128565
-0.163633
-0.192411
0.0885573
0.226965
-0.178325
-0.069579
0.151177
0.128565
-0.101013
-0.167979
0.0354711
0.181819
0.0354711
-0.167979
-0.101013
0.128565
0.151177
-0.069579
-0.178325
-0.296544
-0.115706
0.251398
0.213796
-0.167979
-0.279338
0.0589862
0.302353
0.0589862
-0.279338
-0.167979
0.213796
0.251398
-0.115706
-0.296544
0.0626194
0.0244329
-0.0530862
-0.0451461
0.0354711
0.0589862
-0.0124558
-0.0638462
-0.0124558
0.0589862
0.0354711
-0.0451461
-0.0530862
0.0244329
0.0626194
0.320977
0.125239
-0.272111
-0.231411
0.181819
0.302353
-0.0638462
-0.327265
-0.0638462
0.302353
0.181819
-0.231411
-0.272111
0.125239
0.320977
0.0626194
0.0244329
-0.0530862
-0.0451461
0.0354711
0.0589862
-0.0124558
-0.0638462
-0.0124558
0.0589862
0.0354711
-0.0451461
-0.0530862
0.0244329
0.0626194
-0.296544
-0.115706
0.251398
0.213796
-0.167979
-0.279338
0.0589862
0.302353
0.0589862
-0.279338
-0.167979
0.213796
0.251398
-0.115706
-0.296544
-0.178325
-0.069579
0.151177
0.128565
-0.101013
-0.167979
0.0354711
0.181819
0.0354711
-0.167979
-0.101013
0.128565
0.151177
-0.069579
-0.178325
0.226965
0.0885573
-0.192411
-0.163633
0.128565
0.213796
-0.0451461
-0.231411
-0.0451461
0.213796
0.128565
-0.163633
-0.192411
0.0885573
0.226965
0.266882
0.104132
-0.226252
-0.192411
0.151177
0.251398
-0.0530862
-0.272111
-0.0530862
0.251398
0.151177
-0.192411
-0.226252
0.104132
0.266882
-0.122832
-0.0479269
0.104132
0.0885573
-0.069579
-0.115706
0.0244329
0.125239
0.0244329
-0.115706
-0.069579
0.0885573
0.104132
-0.0479269
-0.122832
-0.314809
-0.122832
0.266882
0.226965
-0.178325
-0.296544
0.0626194
0.320977
0.0626194
-0.296544
-0.178325
0.226965
0.266882
-0.122832
-0.314809
-0.267723
-0.10446
0.226965
0.193018
-0.151653
-0.25219
0.0532535
0.272968
0.0532535
-0.25219
-0.151653
0.193018
0.226965
-0.10446
-0.267723
-0.10446
-0.0407584
0.0885573
0.0753118
-0.0591721
-0.0983996
0.0207785
0.106507
0.0207785
-0.0983996
-0.0591721
0.0753118
0.0885573
-0.0407584
-0.10446
0.226965
0.0885573
-0.192411
-0.163633
0.128565
0.213796
-0.0451461
-0.231411
-0.0451461
0.213796
0.128565
-0.163633
-0.192411
0.0885573
0.226965
0.193018
0.0753118
-0.163633
-0.139158
0.109336
0.181819
-0.0383936
-0.196799
-0.0383936
0.181819
0.109336
-0.139158
-0.163633
0.0753118
0.193018
-0.151653
-0.0591721
0.128565
0.109336
-0.0859045
-0.142854
0.0301657
0.154624
0.0301657
-0.142854
-0.0859045
0.109336
0.128565
-0.0591721
-0.151653
-0.25219
-0.0983996
0.213796
0.181819
-0.142854
-0.237558
0.0501637
0.25713
0.0501637
-0.237558
-0.142854
0.181819
0.213796
-0.0983996
-0.25219
0.0532535
0.0207785
-0.0451461
-0.0383936
0.0301657
0.0501637
-0.0105928
-0.0542968
-0.0105928
0.0501637
0.0301657
-0.0383936
-0.0451461
0.0207785
0.0532535
0.272968
0.106507
-0.231411
-0.196799
0.154624
0.25713
-0.0542968
-0.278316
-0.0542968
0.25713
0.154624
-0.196799
-0.231411
0.106507
0.272968
0.0532535
0.0207785
-0.0451461
-0.0383936
0.0301657
0.0501637
-0.0105928
-0.0542968
-0.0105928
0.0501637
0.0301657
-0.0383936
-0.0451461
0.0207785
0.0532535
-0.25219
-0.0983996
0.213796
0.181819
-0.142854
-0.237558
0.0501637
0.25713
0.0501637
-0.237558
-0.142854
0.181819
0.213796
-0.0983996
-0.25219
-0.151653
-0.0591721
0.128565
0.109336
-0.0859045
-0.142854
0.0301657
0.154624
0.0301657
-0.142854
-0.0859045
0.109336
0.128565
-0.0591721
-0.151653
0.193018
0.0753118
-0.163633
-0.139158
0.109336
0.181819
-0.0383936
-0.196799
-0.0383936
0.181819
0.109336
-0.139158
-0.163633
0.0753118
0.193018
0.226965
0.0885573
-0.192411
-0.163633
0.128565
0.213796
-0.0451461
-0.231411
-0.0451461
0.213796
0.128565
-0.163633
-0.192411
0.0885573
0.226965
-0.10446
-0.0407584
0.0885573
0.0753118
-0.0591721
-0.0983996
0.0207785
0.106507
0.0207785
-0.0983996
-0.0591721
0.0753118
0.0885573
-0.0407584
-0.10446
-0.267723
-0.10446
0.226965
0.193018
-0.151653
-0.25219
0.0532535
0.272968
0.0532535
-0.25219
-0.151653
0.193018
0.226965
-0.10446
-0.267723
0.210349
0.082074
-0.178325
-0.151653
0.119153
0.198144
-0.041841
-0.21447
-0.041841
0.198144
0.119153
-0.151653
-0.178325
0.082074
0.210349
0.082074
0.0320237
-0.069579
-0.0591721
0.0464912
0.077312
-0.0163255
-0.083682
-0.0163255
0.077312
0.0464912
-0.0591721
-0.069579
0.0320237
0.082074
-0.178325
-0.069579
0.151177
0.128565
-0.101013
-0.167979
0.0354711
0.181819
0.0354711
-0.167979
-0.101013
0.128565
0.151177
-0.069579
-0.178325
-0.151653
-0.0591721
0.128565
0.109336
-0.0859045
-0.142854
0.0301657
0.154624
0.0301657
-0.142854
-0.0859045
0.109336
0.128565
-0.0591721
-0.151653
0.119153
0.0464912
-0.101013
-0.0859045
0.0674948
0.11224
-0.023701
-0.121487
-0.023701
0.11224
0.0674948
-0.0859045
-0.101013
0.0464912
0.119153
0.198144
0.077312
-0.167979
-0.142854
0.11224
0.186648
-0.0394133
-0.202026
-0.0394133
0.186648
0.11224
-0.142854
-0.167979
0.077312
0.198144
-0.041841
-0.0163255
0.0354711
0.0301657
-0.023701
-0.0394133
0.00832269
0.0426607
0.00832269
-0.0394133
-0.023701
0.0301657
0.0354711
-0.0163255
-0.041841
-0.21447
-0.083682
0.181819
0.154624
-0.121487
-0.202026
0.0426607
0.218671
0.0426607
-0.202026
-0.121487
0.154624
0.181819
-0.083682
-0.21447
-0.041841
-0.0163255
0.0354711
0.0301657
-0.023701
-0.0394133
0.00832269
0.0426607
0.00832269
-0.0394133
-0.023701
0.0301657
0.0354711
-0.0163255
-0.041841
0.198144
0.077312
-0.167979
-0.142854
0.11224
0.186648
-0.0394133
-0.202026
-0.0394133
0.186648
0.11224
-0.142854
-0.167979
0.077312
0.198144
0.119153
0.0464912
-0.101013
-0.0859045
0.0674948
0.11224
-0.023701
-0.121487
-0.023701
0.11224
0.0674948
-0.0859045
-0.101013
0.0464912
0.119153
-0.151653
-0.0591721
0.128565
0.109336
-0.0859045
-0.142854
0.0301657
0.154624
0.0301657
-0.142854
-0.0859045
0.109336
0.128565
-0.0591721
-0.151653
-0.178325
-0.069579
0.151177
0.128565
-0.101013
-0.167979
0.0354711
0.181819
0.0354711
-0.167979
-0.101013
0.128565
0.151177
-0.069579
-0.178325
0.082074
0.0320237
-0.069579
-0.0591721
0.0464912
0.077312
-0.0163255
-0.083682
-0.0163255
0.077312
0.0464912
-0.0591721
-0.069579
0.0320237
0.082074
0.210349
0.082074
-0.178325
-0.151653
0.119153
0.198144
-0.041841
-0.21447
-0.041841
0.198144
0.119153
-0.151653
-0.178325
0.082074
0.210349
0.349797
0.136484
-0.296544
-0.25219
0.198144
0.329502
-0.069579
-0.35665
-0.069579
0.329502
0.198144
-0.25219
-0.296544
0.136484
0.349797
0.136484
0.0532535
-0.115706
-0.0983996
0.077312
0.128565
-0.0271484
-0.139158
-0.0271484
0.128565
0.077312
-0.0983996
-0.115706
0.0532535
0.136484
-0.296544
-0.115706
0.251398
0.213796
-0.167979
-0.279338
0.0589862
0.302353
0.0589862
-0.279338
-0.167979
0.213796
0.251398
-0.115706
-0.296544
-0.25219
-0.0983996
0.213796
0.181819
-0.142854
-0.237558
0.0501637
0.25713
0.0501637
-0.237558
-0.142854
0.181819
0.213796
-0.0983996
-0.25219
0.198144
0.077312
-0.167979
-0.142854
0.11224
0.186648
-0.0394133
-0.202026
-0.0394133
0.186648
0.11224
-0.142854
-0.167979
0.077312
0.198144
0.329502
0.128565
-0.279338
-0.237558
0.186648
0.310384
-0.065542
-0.335957
-0.065542
0.310384
0.186648
-0.237558
-0.279338
0.128565
0.329502
-0.069579
-0.0271484
0.0589862
0.0501637
-0.0394133
-0.065542
0.0138401
0.0709421
0.0138401
-0.065542
-0.0394133
0.0501637
0.0589862
-0.0271484
-0.069579
-0.35665
-0.139158
0.302353
0.25713
-0.202026
-0.335957
0.0709421
0.363637
0.0709421
-0.335957
-0.202026
0.25713
0.302353
-0.139158
-0.35665
-0.069579
-0.0271484
0.0589862
0.0501637
-0.0394133
-0.065542
0.0138401
0.0709421
0.0138401
-0.065542
-0.0394133
0.0501637
0.0589862
-0.0271484
-0.069579
0.329502
0.128565
-0.279338
-0.237558
0.186648
0.310384
-0.065542
-0.335957
-0.065542
0.310384
0.186648
-0.237558
-0.279338
0.128565
0.329502
0.198144
0.077312
-0.167979
-0.142854
0.11224
0.186648
-0.0394133
-0.202026
-0.0394133
0.186648
0.11224
-0.142854
-0.167979
0.077312
0.198144
-0.25219
-0.0983996
0.213796
0.181819
-0.142854
-0.237558
0.0501637
0.25713
0.0501637
-0.237558
-0.142854
0.181819
0.213796
-0.0983996
-0.25219
-0.296544
-0.115706
0.251398
0.213796
-0.167979
-0.279338
0.0589862
0.302353
0.0589862
-0.279338
-0.167979
0.213796
0.251398
-0.115706
-0.296544
0.136484
0.0532535
-0.115706
-0.0983996
0.077312
0.128565
-0.0271484
-0.139158
-0.0271484
0.128565
0.077312
-0.0983996
-0.115706
0.0532535
0.136484
0.349797
0.136484
-0.296544
-0.25219
0.198144
0.329502
-0.069579
-0.35665
-0.069579
0.329502
0.198144
-0.25219
-0.296544
0.136484
0.349797
-0.0738647
-0.0288206
0.0626194
0.0532535
-0.041841
-0.069579
0.0146926
0.0753118
0.0146926
-0.069579
-0.041841
0.0532535
0.0626194
-0.0288206
-0.0738647
-0.0288206
-0.0112452
0.0244329
0.0207785
-0.0163255
-0.0271484
0.00573277
0.0293852
0.00573277
-0.0271484
-0.0163255
0.0207785
0.0244329
-0.0112452
-0.0288206
0.0626194
0.0244329
-0.0530862
-0.0451461
0.0354711
0.0589862
-0.0124558
-0.0638462
-0.0124558
0.0589862
0.0354711
-0.0451461
-0.0530862
0.0244329
0.0626194
0.0532535
0.0207785
-0.0451461
-0.0383936
0.0301657
0.0501637
-0.0105928
-0.0542968
-0.0105928
0.0501637
0.0301657
-0.0383936
-0.0451461
0.0207785
0.0532535
-0.041841
-0.0163255
0.0354711
0.0301657
-0.023701
-0.0394133
0.00832269
0.0426607
0.00832269
-0.0394133
-0.023701
0.0301657
0.0354711
-0.0163255
-0.041841
-0.069579
-0.0271484
0.0589862
0.0501637
-0.0394133
-0.065542
0.0138401
0.0709421
0.0138401
-0.065542
-0.0394133
0.0501637
0.0589862
-0.0271484
-0.069579
0.0146926
0.00573277
-0.0124558
-0.0105928
0.00832269
0.0138401
-0.00292254
-0.0149804
-0.00292254
0.0138401
0.00832269
-0.0105928
-0.0124558
0.00573277
0.0146926
0.0753118
0.0293852
-0.0638462
-0.0542968
0.0426607
0.0709421
-0.0149804
-0.0767872
-0.0149804
0.0709421
0.0426607
-0.0542968
-0.0638462
0.0293852
0.0753118
0.0146926
0.00573277
-0.0124558
-0.0105928
0.00832269
0.0138401
-0.00292254
-0.0149804
-0.00292254
0.0138401
0.00832269
-0.0105928
-0.0124558
0.00573277
0.0146926
-0.069579
-0.0271484
0.0589862
0.0501637
-0.0394133
-0.065542
0.0138401
0.0709421
0.0138401
-0.065542
-0.0394133
0.0501637
0.0589862
-0.0271484
-0.069579
-0.041841
-0.0163255
0.0354711
0.0301657
-0.023701
-0.0394133
0.00832269
0.0426607
0.00832269
-0.0394133
-0.023701
0.0301657
0.0354711
-0.0163255
-0.041841
0.0532535
0.0207785
-0.0451461
-0.0383936
0.0301657
0.0501637
-0.0105928
-0.0542968
-0.0105928
0.0501637
0.0301657
-0.0383936
-0.0451461
0.0207785
0.0532535
0.0626194
0.0244329
-0.0530862
-0.0451461
0.0354711
0.0589862
-0.0124558
-0.0638462
-0.0124558
0.0589862
0.0354711
-0.0451461
-0.0530862
0.0244329
0.0626194
-0.0288206
-0.0112452
0.0244329
0.0207785
-0.0163255
-0.0271484
0.00573277
0.0293852
0.00573277
-0.0271484
-0.0163255
0.0207785
0.0244329
-0.0112452
-0.0288206
-0.0738647
-0.0288206
0.0626194
0.0532535
-0.041841
-0.069579
0.0146926
0.0753118
0.0146926
-0.069579
-0.041841
0.0532535
0.0626194
-0.0288206
-0.0738647
-0.378618
-0.147729
0.320977
0.272968
-0.21447
-0.35665
0.0753118
0.386035
0.0753118
-0.35665
-0.21447
0.272968
0.320977
-0.147729
-0.378618
-0.147729
-0.0576411
0.125239
0.106507
-0.083682
-0.139158
0.0293852
0.150624
0.0293852
-0.139158
-0.083682
0.106507
0.125239
-0.0576411
-0.147729
0.320977
0.125239
-0.272111
-0.231411
0.181819
0.302353
-0.0638462
-0.327265
-0.0638462
0.302353
0.181819
-0.231411
-0.272111
0.125239
0.320977
0.272968
0.106507
-0.231411
-0.196799
0.154624
0.25713
-0.0542968
-0.278316
-0.0542968
0.25713
0.154624
-0.196799
-0.231411
0.106507
0.272968
-0.21447
-0.083682
0.181819
0.154624
-0.121487
-0.202026
0.0426607
0.218671
0.0426607
-0.202026
-0.121487
0.154624
0.181819
-0.083682
-0.21447
-0.35665
-0.139158
0.302353
0.25713
-0.202026
-0.335957
0.0709421
0.363637
0.0709421
-0.335957
-0.202026
0.25713
0.302353
-0.139158
-0.35665
0.0753118
0.0293852
-0.0638462
-0.0542968
0.0426607
0.0709421
-0.0149804
-0.0767872
-0.0149804
0.0709421
0.0426607
-0.0542968
-0.0638462
0.0293852
0.0753118
0.386035
0.150624
-0.327265
-0.278316
0.218671
0.363637
-0.0767872
-0.393598
-0.0767872
0.363637
0.218671
-0.278316
-0.327265
0.150624
0.386035
0.0753118
0.0293852
-0.0638462
-0.0542968
0.0426607
0.0709421
-0.0149804
-0.0767872
-0.0149804
0.0709421
0.0426607
-0.0542968
-0.0638462
0.0293852
0.0753118
-0.35665
-0.139158
0.302353
0.25713
-0.202026
-0.335957
0.0709421
0.363637
0.0709421
-0.335957
-0.202026
0.25713
0.302353
-0.139158
-0.35665
-0.21447
-0.083682
0.181819
0.154624
-0.121487
-0.202026
0.0426607
0.218671
0.0426607
-0.202026
-0.121487
0.154624
0.181819
-0.083682
-0.21447
0.272968
0.106507
-0.231411
-0.196799
0.154624
0.25713
-0.0542968
-0.278316
-0.0542968
0.25713
0.154624
-0.196799
-0.231411
0.106507
0.272968
0.320977
0.125239
-0.272111
-0.231411
0.181819
0.302353
-0.0638462
-0.327265
-0.0638462
0.302353
0.181819
-0.231411
-0.272111
0.125239
0.320977
-0.147729
-0.0576411
0.125239
0.106507
-0.083682
-0.139158
0.0293852
0.150624
0.0293852
-0.139158
-0.083682
0.106507
0.125239
-0.0576411
-0.147729
-0.378618
-0.147729
0.320977
0.272968
-0.21447
-0.35665
0.0753118
0.386035
0.0753118
-0.35665
-0.21447
0.272968
0.320977
-0.147729
-0.378618
-0.0738647
-0.0288206
0.0626194
0.0532535
-0.041841
-0.069579
0.0146926
0.0753118
0.0146926
-0.069579
-0.041841
0.0532535
0.0626194
-0.0288206
-0.0738647
-0.0288206
-0.0112452
0.0244329
0.0207785
-0.0163255
-0.0271484
0.00573277
0.0293852
0.00573277
-0.0271484
-0.0163255
0.0207785
0.0244329
-0.0112452
-0.0288206
0.0626194
0.0244329
-0.0530862
-0.0451461
0.0354711
0.0589862
-0.0124558
-0.0638462
-0.0124558
0.0589862
0.0354711
-0.0451461
-0.0530862
0.0244329
0.0626194
0.0532535
0.0207785
-0.0451461
-0.0383936
0.0301657
0.0501637
-0.0105928
-0.0542968
-0.0105928
0.0501637
0.0301657
-0.0383936
-0.0451461
0.0207785
0.0532535
-0.041841
-0.0163255
0.0354711
0.0301657
-0.023701
-0.0394133
0.00832269
0.0426607
0.00832269
-0.0394133
-0.023701
0.0301657
0.0354711
-0.0163255
-0.041841
-0.069579
-0.0271484
0.0589862
0.0501637
-0.0394133
-0.065542
0.0138401
0.0709421
0.0138401
-0.065542
-0.0394133
0.0501637
0.0589862
-0.0271484
-0.069579
0.0146926
0.00573277
-0.0124558
-0.0105928
0.00832269
0.0138401
-0.00292254
-0.0149804
-0.00292254
0.0138401
0.00832269
-0.0105928
-0.0124558
0.00573277
0.0146926
0.0753118
0.0293852
-0.0638462
-0.0542968
0.0426607
0.0709421
-0.0149804
-0.0767872
-0.0149804
0.0709421
0.0426607
-0.0542968
-0.0638462
0.0293852
0.0753118
0.0146926
0.00573277
-0.0124558
-0.0105928
0.00832269
0.0138401
-0.00292254
-0.0149804
-0.00292254
0.0138401
0.00832269
-0.0105928
-0.0124558
0.00573277
0.0146926
-0.069579
-0.0271484
0.0589862
0.0501637
-0.0394133
-0.065542
0.0138401
0.0709421
0.0138401
-0.065542
-0.0394133
0.0501637
0.0589862
-0.0271484
-0.069579
-0.041841
-0.0163255
0.0354711
0.0301657
-0.023701
-0.0394133
0.00832269
0.0426607
0.00832269
-0.0394133
-0.023701
0.0301657
0.0354711
-0.0163255
-0.041841
0.0532535
0.0207785
-0.0451461
-0.0383936
0.0301657
0.0501637
-0.0105928
-0.0542968
-0.0105928
0.0501637
0.0301657
-0.0383936
-0.0451461
0.0207785
0.0532535
0.0626194
0.0244329
-0.0530862
-0.0451461
0.0354711
0.0589862
-0.0124558
-0.0638462
-0.0124558
0.0589862
0.0354711
-0.0451461
-0.0530862
0.0244329
0.0626194
-0.0288206
-0.0112452
0.0244329
0.0207785
-0.0163255
-0.0271484
0.00573277
0.0293852
0.00573277
-0.0271484
-0.0163255
0.0207785
0.0244329
-0.0112452
-0.0288206
-0.0738647
-0.0288206
0.0626194
0.0532535
-0.041841
-0.069579
0.0146926
0.0753118
0.0146926
-0.069579
-0.041841
0.0532535
0.0626194
-0.0288206
-0.0738647
0.349797
0.136484
-0.296544
-0.25219
0.198144
0.329502
-0.069579
-0.35665
-0.069579
0.329502
0.198144
-0.25219
-0.296544
0.136484
0.349797
0.136484
0.0532535
-0.115706
-0.0983996
0.077312
0.128565
-0.0271484
-0.139158
-0.0271484
0.128565
0.077312
-0.0983996
-0.115706
0.0532535
0.136484
-0.296544
-0.115706
0.251398
0.213796
-0.167979
-0.279338
0.0589862
0.302353
0.0589862
-0.279338
-0.167979
0.213796
0.251398
-0.115706
-0.296544
-0.25219
-0.0983996
0.213796
0.181819
-0.142854
-0.237558
0.0501637
0.25713
0.0501637
-0.237558
-0.142854
0.181819
0.213796
-0.0983996
-0.25219
0.198144
0.077312
-0.167979
-0.142854
0.11224
0.186648
-0.0394133
-0.202026
-0.0394133
0.186648
0.11224
-0.142854
-0.167979
0.077312
0.198144
0.329502
0.128565
-0.279338
-0.237558
0.186648
0.310384
-0.065542
-0.335957
-0.065542
0.310384
0.186648
-0.237558
-0.279338
0.128565
0.329502
-0.069579
-0.0271484
0.0589862
0.0501637
-0.0394133
-0.065542
0.0138401
0.0709421
0.0138401
-0.065542
-0.0394133
0.0501637
0.0589862
-0.0271484
-0.069579
-0.35665
-0.139158
0.302353
0.25713
-0.202026
-0.335957
0.0709421
0.363637
0.0709421
-0.335957
-0.202026
0.25713
0.302353
-0.139158
-0.35665
-0.069579
-0.0271484
0.0589862
0.0501637
-0.0394133
-0.065542
0.0138401
0.0709421
0.0138401
-0.065542
-0.0394133
0.0501637
0.0589862
-0.0271484
-0.069579
0.329502
0.128565
-0.279338
-0.237558
0.186648
0.310384
-0.065542
-0.335957
-0.065542
0.310384
0.186648
-0.237558
-0.279338
0.128565
0.329502
0.198144
0.077312
-0.167979
-0.142854
0.11224
0.186648
-0.0394133
-0.202026
-0.0394133
0.186648
0.11224
-0.142854
-0.167979
0.077312
0.198144
-0.25219
-0.0983996
0.213796
0.181819
-0.142854
-0.237558
0.0501637
0.25713
0.0501637
-0.237558
-0.142854
0.181819
0.213796
-0.0983996
-0.25219
-0.296544
-0.115706
0.251398
0.213796
-0.167979
-0.279338
0.0589862
0.302353
0.0589862
-0.279338
-0.167979
0.213796
0.251398
-0.115706
-0.296544
0.136484
0.0532535
-0.115706
-0.0983996
0.077312
0.128565
-0.0271484
-0.139158
-0.0271484
0.128565
0.077312
-0.0983996
-0.115706
0.0532535
0.136484
0.349797
0.136484
-0.296544
-0.25219
0.198144
0.329502
-0.069579
-0.35665
-0.069579
0.329502
0.198144
-0.25219
-0.296544
0.136484
0.349797
0.210349
0.082074
-0.178325
-0.151653
0.119153
0.198144
-0.041841
-0.21447
-0.041841
0.198144
0.119153
-0.151653
-0.178325
0.082074
0.210349
0.082074
0.0320237
-0.069579
-0.0591721
0.0464912
0.077312
-0.0163255
-0.083682
-0.0163255
0.077312
0.0464912
-0.0591721
-0.069579
0.0320237
0.082074
-0.178325
-0.069579
0.151177
0.128565
-0.101013
-0.167979
0.0354711
0.181819
0.0354711
-0.167979
-0.101013
0.128565
0.151177
-0.069579
-0.178325
-0.151653
-0.0591721
0.128565
0.109336
-0.0859045
-0.142854
0.0301657
0.154624
0.0301657
-0.142854
-0.0859045
0.109336
0.128565
-0.0591721
-0.151653
0.119153
0.0464912
-0.101013
-0.0859045
0.0674948
0.11224
-0.023701
-0.121487
-0.023701
0.11224
0.0674948
-0.0859045
-0.101013
0.0464912
0.119153
0.198144
0.077312
-0.167979
-0.142854
0.11224
0.186648
-0.0394133
-0.202026
-0.0394133
0.186648
0.11224
-0.142854
-0.167979
0.077312
0.198144
-0.041841
-0.0163255
0.0354711
0.0301657
-0.023701
-0.0394133
0.00832269
0.0426607
0.00832269
-0.0394133
-0.023701
0.0301657
0.0354711
-0.0163255
-0.041841
-0.21447
-0.083682
0.181819
0.154624
-0.121487
-0.202026
0.0426607
0.218671
0.0426607
-0.202026
-0.121487
0.154624
0.181819
-0.083682
-0.21447
-0.041841
-0.0163255
0.0354711
0.0301657
-0.023701
-0.0394133
0.00832269
0.0426607
0.00832269
-0.0394133
-0.023701
0.0301657
0.0354711
-0.0163255
-0.041841
0.198144
0.077312
-0.167979
-0.142854
0.11224
0.186648
-0.0394133
-0.202026
-0.0394133
0.186648
0.11224
-0.142854
-0.167979
0.077312
0.198144
0.119153
0.0464912
-0.101013
-0.0859045
0.0674948
0.11224
-0.023701
-0.121487
-0.023701
0.11224
0.0674948
-0.0859045
-0.101013
0.0464912
0.119153
-0.151653
-0.0591721
0.128565
0.109336
-0.0859045
-0.142854
0.0301657
0.154624
0.0301657
-0.142854
-0.0859045
0.109336
0.128565
-0.0591721
-0.151653
-0.178325
-0.069579
0.151177
0.128565
-0.101013
-0.167979
0.0354711
0.181819
0.0354711
-0.167979
-0.101013
0.128565
0.151177
-0.069579
-0.178325
0.082074
0.0320237
-0.069579
-0.0591721
0.0464912
0.077312
-0.0163255
-0.083682
-0.0163255
0.077312
0.0464912
-0.0591721
-0.069579
0.0320237
0.082074
0.210349
0.082074
-0.178325
-0.151653
0.119153
0.198144
-0.041841
-0.21447
-0.041841
0.198144
0.119153
-0.151653
-0.178325
0.082074
0.210349
-0.267723
-0.10446
0.226965
0.193018
-0.151653
-0.25219
0.0532535
0.272968
0.0532535
-0.25219
-0.151653
0.193018
0.226965
-0.10446
-0.267723
-0.10446
-0.0407584
0.0885573
0.0753118
-0.0591721
-0.0983996
0.0207785
0.106507
0.0207785
-0.0983996
-0.0591721
0.0753118
0.0885573
-0.0407584
-0.10446
0.226965
0.0885573
-0.192411
-0.163633
0.128565
0.213796
-0.0451461
-0.231411
-0.0451461
0.213796
0.128565
-0.163633
-0.192411
0.0885573
0.226965
0.193018
0.0753118
-0.163633
-0.139158
0.109336
0.181819
-0.0383936
-0.196799
-0.0383936
0.181819
0.109336
-0.139158
-0.163633
0.0753118
0.193018
-0.151653
-0.0591721
0.128565
0.109336
-0.0859045
-0.142854
0.0301657
0.154624
0.0301657
-0.142854
-0.0859045
0.109336
0.128565
-0.0591721
-0.151653
-0.25219
-0.0983996
0.213796
0.181819
-0.142854
-0.237558
0.0501637
0.25713
0.0501637
-0.237558
-0.142854
0.181819
0.213796
-0.0983996
-0.25219
0.0532535
0.0207785
-0.0451461
-0.0383936
0.0301657
0.0501637
-0.0105928
-0.0542968
-0.0105928
0.0501637
0.0301657
-0.0383936
-0.0451461
0.0207785
0.0532535
0.272968
0.106507
-0.231411
-0.196799
0.154624
0.25713
-0.0542968
-0.278316
-0.0542968
0.25713
0.154624
-0.196799
-0.231411
0.106507
0.272968
0.0532535
0.0207785
-0.0451461
-0.0383936
0.0301657
0.0501637
-0.0105928
-0.0542968
-0.0105928
0.0501637
0.0301657
-0.0383936
-0.0451461
0.0207785
0.0532535
-0.25219
-0.0983996
0.213796
0.181819
-0.142854
-0.237558
0.0501637
0.25713
0.0501637
-0.237558
-0.142854
0.181819
0.213796
-0.0983996
-0.25219
-0.151653
-0.0591721
0.128565
0.109336
-0.0859045
-0.142854
0.0301657
0.154624
0.0301657
-0.142854
-0.0859045
0.109336
0.128565
-0.0591721
-0.151653
0.193018
0.0753118
-0.163633
-0.139158
0.109336
0.181819
-0.0383936
-0.196799
-0.0383936
0.181819
0.109336
-0.139158
-0.163633
0.0753118
0.193018
0.226965
0.0885573
-0.192411
-0.163633
0.128565
0.213796
-0.0451461
-0.231411
-0.0451461
0.213796
0.128565
-0.163633
-0.192411
0.0885573
0.226965
-0.10446
-0.0407584
0.0885573
0.0753118
-0.0591721
-0.0983996
0.0207785
0.106507
0.0207785
-0.0983996
-0.0591721
0.0753118
0.0885573
-0.0407584
-0.10446
-0.267723
-0.10446
0.226965
0.193018
-0.151653
-0.25219
0.0532535
0.272968
0.0532535
-0.25219
-0.151653
0.193018
0.226965
-0.10446
-0.267723
-0.314809
-0.122832
0.266882
0.226965
-0.178325
-0.296544
0.0626194
0.320977
0.0626194
-0.296544
-0.178325
0.226965
0.266882
-0.122832
-0.314809
-0.122832
-0.0479269
0.104132
0.0885573
-0.069579
-0.115706
0.0244329
0.125239
0.0244329
-0.115706
-0.069579
0.0885573
0.104132
-0.0479269
-0.122832
0.266882
0.104132
-0.226252
-0.192411
0.151177
0.251398
-0.0530862
-0.272111
-0.0530862
0.251398
0.151177
-0.192411
-0.226252
0.104132
0.266882
0.226965
0.0885573
-0.192411
-0.163633
0.128565
0.213796
-0.0451461
-0.231411
-0.0451461
0.213796
0.128565
-0.163633
-0.192411
0.0885573
0.226965
-0.178325
-0.069579
0.151177
0.128565
-0.101013
-0.167979
0.0354711
0.181819
0.0354711
-0.167979
-0.101013
0.128565
0.151177
-0.069579
-0.178325
-0.296544
-0.115706
0.251398
0.213796
-0.167979
-0.279338
0.0589862
0.302353
0.0589862
-0.279338
-0.167979
0.213796
0.251398
-0.115706
-0.296544
0.0626194
0.0244329
-0.0530862
-0.0451461
0.0354711
0.0589862
-0.0124558
-0.0638462
-0.0124558
0.0589862
0.0354711
-0.0451461
-0.0530862
0.0244329
0.0626194
0.320977
0.125239
-0.272111
-0.231411
0.181819
0.302353
-0.0638462
-0.327265
-0.0638462
0.302353
0.181819
-0.231411
-0.272111
0.125239
0.320977
0.0626194
0.0244329
-0.0530862
-0.0451461
0.0354711
0.0589862
-0.0124558
-0.0638462
-0.0124558
0.0589862
0.0354711
-0.0451461
-0.0530862
0.0244329
0.0626194
-0.296544
-0.115706
0.251398
0.213796
-0.167979
-0.279338
0.0589862
0.302353
0.0589862
-0.279338
-0.167979
0.213796
0.251398
-0.115706
-0.296544
-0.178325
-0.069579
0.151177
0.128565
-0.101013
-0.167979
0.0354711
0.181819
0.0354711
-0.167979
-0.101013
0.128565
0.151177
-0.069579
-0.178325
0.226965
0.0885573
-0.192411
-0.163633
0.128565
0.213796
-0.0451461
-0.231411
-0.0451461
0.213796
0.128565
-0.163633
-0.192411
0.0885573
0.226965
0.266882
0.104132
-0.226252
-0.192411
0.151177
0.251398
-0.0530862
-0.272111
-0.0530862
0.251398
0.151177
-0.192411
-0.226252
0.104132
0.266882
-0.122832
-0.0479269
0.104132
0.0885573
-0.069579
-0.115706
0.0244329
0.125239
0.0244329
-0.115706
-0.069579
0.0885573
0.104132
-0.0479269
-0.122832
-0.314809
-0.122832
0.266882
0.226965
-0.178325
-0.296544
0.0626194
0.320977
0.0626194
-0.296544
-0.178325
0.226965
0.266882
-0.122832
-0.314809
0.144891
0.0565336
-0.122832
-0.10446
0.082074
0.136484
-0.0288206
-0.147729
-0.0288206
0.136484
0.082074
-0.10446
-0.122832
0.0565336
0.144891
0.0565336
0.0220583
-0.0479269
-0.0407584
0.0320237
0.0532535
-0.0112452
-0.0576411
-0.0112452
0.0532535
0.0320237
-0.0407584
-0.0479269
0.0220583
0.0565336
-0.122832
-0.0479269
0.104132
0.0885573
-0.069579
-0.115706
0.0244329
0.125239
0.0244329
-0.115706
-0.069579
0.0885573
0.104132
-0.0479269
-0.122832
-0.10446
-0.0407584
0.0885573
0.0753118
-0.0591721
-0.0983996
0.0207785
0.106507
0.0207785
-0.0983996
-0.0591721
0.0753118
0.0885573
-0.0407584
-0.10446
0.082074
0.0320237
-0.069579
-0.0591721
0.0464912
0.077312
-0.0163255
-0.083682
-0.0163255
0.077312
0.0464912
-0.0591721
-0.069579
0.0320237
0.082074
0.136484
0.0532535
-0.115706
-0.0983996
0.077312
0.128565
-0.0271484
-0.139158
-0.0271484
0.128565
0.077312
-0.0983996
-0.115706
0.0532535
0.136484
-0.0288206
-0.0112452
0.0244329
0.0207785
-0.0163255
-0.0271484
0.00573277
0.0293852
0.00573277
-0.0271484
-0.0163255
0.0207785
0.0244329
-0.0112452
-0.0288206
-0.147729
-0.0576411
0.125239
0.106507
-0.083682
-0.139158
0.0293852
0.150624
0.0293852
-0.139158
-0.083682
0.106507
0.125239
-0.0576411
-0.147729
-0.0288206
-0.0112452
0.0244329
0.0207785
-0.0163255
-0.0271484
0.00573277
0.0293852
0.00573277
-0.0271484
-0.0163255
0.0207785
0.0244329
-0.0112452
-0.0288206
0.136484
0.0532535
-0.115706
-0.0983996
0.077312
0.128565
-0.0271484
-0.139158
-0.0271484
0.128565
0.077312
-0.0983996
-0.115706
0.0532535
0.136484
0.082074
0.0320237
-0.069579
-0.0591721
0.0464912
0.077312
-0.0163255
-0.083682
-0.0163255
0.077312
0.0464912
-0.0591721
-0.069579
0.0320237
0.082074
-0.10446
-0.0407584
0.0885573
0.0753118
-0.0591721
-0.0983996
0.0207785
0.106507
0.0207785
-0.0983996
-0.0591721
0.0753118
0.0885573
-0.0407584
-0.10446
-0.122832
-0.0479269
0.104132
0.0885573
-0.069579
-0.115706
0.0244329
0.125239
0.0244329
-0.115706
-0.069579
0.0885573
0.104132
-0.0479269
-0.122832
0.0565336
0.0220583
-0.0479269
-0.0407584
0.0320237
0.0532535
-0.0112452
-0.0576411
-0.0112452
0.0532535
0.0320237
-0.0407584
-0.0479269
0.0220583
0.0565336
0.144891
0.0565336
-0.122832
-0.10446
0.082074
0.136484
-0.0288206
-0.147729
-0.0288206
0.136484
0.082074
-0.10446
-0.122832
0.0565336
0.144891
0.371343
0.144891
-0.314809
-0.267723
0.210349
0.349797
-0.0738647
-0.378618
-0.0738647
0.349797
0.210349
-0.267723
-0.314809
0.144891
0.371343
0.144891
0.0565336
-0.122832
-0.10446
0.082074
0.136484
-0.0288206
-0.147729
-0.0288206
0.136484
0.082074
-0.10446
-0.122832
0.0565336
0.144891
-0.314809
-0.122832
0.266882
0.226965
-0.178325
-0.296544
0.0626194
0.320977
0.0626194
-0.296544
-0.178325
0.226965
0.266882
-0.122832
-0.314809
-0.267723
-0.10446
0.226965
0.193018
-0.151653
-0.25219
0.0532535
0.272968
0.0532535
-0.25219
-0.151653
0.193018
0.226965
-0.10446
-0.267723
0.210349
0.082074
-0.178325
-0.151653
0.119153
0.198144
-0.041841
-0.21447
-0.041841
0.198144
0.119153
-0.151653
-0.178325
0.082074
0.210349
0.349797
0.136484
-0.296544
-0.25219
0.198144
0.329502
-0.069579
-0.35665
-0.069579
0.329502
0.198144
-0.25219
-0.296544
0.136484
0.349797
-0.0738647
-0.0288206
0.0626194
0.0532535
-0.041841
-0.069579
0.0146926
0.0753118
0.0146926
-0.069579
-0.041841
0.0532535
0.0626194
-0.0288206
-0.0738647
-0.378618
-0.147729
0.320977
0.272968
-0.21447
-0.35665
0.0753118
0.386035
0.0753118
-0.35665
-0.21447
0.272968
0.320977
-0.147729
-0.378618
-0.0738647
-0.0288206
0.0626194
0.0532535
-0.041841
-0.069579
0.0146926
0.0753118
0.0146926
-0.069579
-0.041841
0.0532535
0.0626194
-0.0288206
-0.0738647
0.349797
0.136484
-0.296544
-0.25219
0.198144
0.329502
-0.069579
-0.35665
-0.069579
0.329502
0.198144
-0.25219
-0.296544
0.136484
0.349797
0.210349
0.082074
-0.178325
-0.151653
0.119153
0.198144
-0.041841
-0.21447
-0.041841
0.198144
0.119153
-0.151653
-0.178325
0.082074
0.210349
-0.267723
-0.10446
0.226965
0.193018
-0.151653
-0.25219
0.0532535
0.272968
0.0532535
-0.25219
-0.151653
0.193018
0.226965
-0.10446
-0.267723
-0.314809
-0.122832
0.266882
0.226965
-0.178325
-0.296544
0.0626194
0.320977
0.0626194
-0.296544
-0.178325
0.226965
0.266882
-0.122832
-0.314809
0.144891
0.0565336
-0.122832
-0.10446
0.082074
0.136484
-0.0288206
-0.147729
-0.0288206
0.136484
0.082074
-0.10446
-0.122832
0.0565336
0.144891
0.371343
0.144891
-0.314809
-0.267723
0.210349
0.349797
-0.0738647
-0.378618
-0.0738647
0.349797
0.210349
-0.267723
-0.314809
0.144891
0.371343
