0
0
0
0
0
0
0
0
0
0
0
0
0
0
0
0
0
0
0
0
0
0
0
0
0
0
0
0
0
0
0
0
0
0
0
0
0
0
0
0
0
0
0
0
0
0
0
0
0
0
0
0
0
0
0
0
0
0
0
0
0
0
0
0
0
0
0
0
0
0
0
0
0
0
0
0
0
0
0
0
0
0
0
0
0
0
0
0
0
0
0
1.25542e-16
0
-2.31971e-16
0
3.03085e-16
0
-3.28056e-16
0
3.03085e-16
0
-2.31971e-16
0
1.25542e-16
0
1.25542e-16
-2.31971e-16
3.03085e-16
-3.28056e-16
3.03085e-16
-2.31971e-16
1.25542e-16
2.81227e-31
0
0
0
0
0
0
0
0
0
0
-2.31971e-16
0
4.28626e-16
0
-5.60027e-16
0
6.06169e-16
0
-5.60027e-16
0
4.28626e-16
0
-2.31971e-16
0
-2.31971e-16
4.28626e-16
-5.60027e-16
6.06169e-16
-5.60027e-16
4.28626e-16
-2.31971e-16
-5.1964e-31
0
0
0
0
0
0
0
0
0
0
3.03085e-16
0
-5.60027e-16
0
7.31711e-16
0
-7.91998e-16
0
7.31711e-16
0
-5.60027e-16
0
3.03085e-16
0
3.03085e-16
-5.60027e-16
7.31711e-16
-7.91998e-16
7.31711e-16
-5.60027e-16
3.03085e-16
6.78943e-31
0
0
0
0
0
0
0
0
0
0
-3.28056e-16
0
6.06169e-16
0
-7.91998e-16
0
8.57253e-16
0
-7.91998e-16
0
6.06169e-16
0
-3.28056e-16
0
-3.28056e-16
6.06169e-16
-7.91998e-16
8.57253e-16
-7.91998e-16
6.06169e-16
-3.28056e-16
-7.34882e-31
0
0
0
0
0
0
0
0
0
0
3.03085e-16
0
-5.60027e-16
0
7.31711e-16
0
-7.91998e-16
0
7.31711e-16
0
-5.60027e-16
0
3.03085e-16
0
3.03085e-16
-5.60027e-16
7.31711e-16
-7.91998e-16
7.31711e-16
-5.60027e-16
3.03085e-16
6.78943e-31
0
0
0
0
0
0
0
0
0
0
-2.31971e-16
0
4.28626e-16
0
-5.60027e-16
0
6.06169e-16
0
-5.60027e-16
0
4.28626e-16
0
-2.31971e-16
0
-2.31971e-16
4.28626e-16
-5.60027e-16
6.06169e-16
-5.60027e-16
4.28626e-16
-2.31971e-16
-5.1964e-31
0
0
0
0
0
0
0
0
0
0
1.25542e-16
0
-2.31971e-16
0
3.03085e-16
0
-3.28056e-16
0
3.03085e-16
0
-2.31971e-16
0
1.25542e-16
0
1.25542e-16
-2.31971e-16
3.03085e-16
-3.28056e-16
3.03085e-16
-2.31971e-16
1.25542e-16
2.81227e-31
0
0
0
0
0
0
0
0
0
0
1.25542e-16
-2.31971e-16
3.03085e-16
-3.28056e-16
3.03085e-16
-2.31971e-16
1.25542e-16
2.81227e-31
0
-2.31971e-16
4.28626e-16
-5.60027e-16
6.06169e-16
-5.60027e-16
4.28626e-16
-2.31971e-16
-5.1964e-31
0
3.03085e-16
-5.60027e-16
7.31711e-16
-7.91998e-16
7.31711e-16
-5.60027e-16
3.03085e-16
6.78943e-31
0
-3.28056e-16
6.06169e-16
-7.91998e-16
8.57253e-16
-7.91998e-16
6.06169e-16
-3.28056e-16
-7.34882e-31
0
3.03085e-16
-5.60027e-16
7.31711e-16
-7.91998e-16
7.31711e-16
-5.60027e-16
3.03085e-16
6.78943e-31
0
-2.31971e-16
4.28626e-16
-5.60027e-16
6.06169e-16
-5.60027e-16
4.28626e-16
-2.31971e-16
-5.1964e-31
0
1.25542e-16
-2.31971e-16
3.03085e-16
-3.28056e-16
3.03085e-16
-2.31971e-16
1.25542e-16
2.81227e-31
0
2.81227e-31
-5.1964e-31
6.78943e-31
-7.34882e-31
6.78943e-31
-5.1964e-31
2.81227e-31
6.2998e-46
0.000682857
-0.00126176
0.00164856
-0.00178439
0.00164856
-0.00126176
0.000682857
-0.00126176
0.00233142
-0.00304615
0.00329713
-0.00304615
0.00233142
-0.00126176
0.00164856
-0.00304615
0.00397998
-0.0043079
0.00397998
-0.00304615
0.00164856
-0.00178439
0.00329713
-0.0043079
0.00466284
-0.0043079
0.00329713
-0.00178439
0.00164856
-0.00304615
0.00397998
-0.0043079
0.00397998
-0.00304615
0.00164856
-0.00126176
0.00233142
-0.00304615
0.00329713
-0.00304615
0.00233142
-0.00126176
0.000682857
-0.00126176
0.00164856
-0.00178439
0.00164856
-0.00126176
0.000682857
-0.00126176
0.00233142
-0.00304615
0.00329713
-0.00304615
0.00233142
-0.00126176
0.00233142
-0.0043079
0.00562855
-0.0060923
0.00562855
-0.0043079
0.00233142
-0.00304615
0.00562855
-0.00735405
0.00795997
-0.00735405
0.00562855
-0.00304615
0.00329713
-0.0060923
0.00795997
-0.00861581
0.00795997
-0.0060923
0.00329713
-0.00304615
0.00562855
-0.00735405
0.00795997
-0.00735405
0.00562855
-0.00304615
0.00233142
-0.0043079
0.00562855
-0.0060923
0.00562855
-0.0043079
0.00233142
-0.00126176
0.00233142
-0.00304615
0.00329713
-0.00304615
0.00233142
-0.00126176
0.00164856
-0.00304615
0.00397998
-0.0043079
0.00397998
-0.00304615
0.00164856
-0.00304615
0.00562855
-0.00735405
0.00795997
-0.00735405
0.00562855
-0.00304615
0.00397998
-0.00735405
0.00960853
-0.0104002
0.00960853
-0.00735405
0.00397998
-0.0043079
0.00795997
-0.0104002
0.0112571
-0.0104002
0.00795997
-0.0043079
0.00397998
-0.00735405
0.00960853
-0.0104002
0.00960853
-0.00735405
0.00397998
-0.00304615
0.00562855
-0.00735405
0.00795997
-0.00735405
0.00562855
-0.00304615
0.00164856
-0.00304615
0.00397998
-0.0043079
0.00397998
-0.00304615
0.00164856
-0.00178439
0.00329713
-0.0043079
0.00466284
-0.0043079
0.00329713
-0.00178439
0.00329713
-0.0060923
0.00795997
-0.00861581
0.00795997
-0.0060923
0.00329713
-0.0043079
0.00795997
-0.0104002
0.0112571
-0.0104002
0.00795997
-0.0043079
0.00466284
-0.00861581
0.0112571
-0.0121846
0.0112571
-0.00861581
0.00466284
-0.0043079
0.00795997
-0.0104002
0.0112571
-0.0104002
0.00795997
-0.0043079
0.00329713
-0.0060923
0.00795997
-0.00861581
0.00795997
-0.0060923
0.00329713
-0.00178439
0.00329713
-0.0043079
0.00466284
-0.0043079
0.00329713
-0.00178439
0.00164856
-0.00304615
0.00397998
-0.0043079
0.00397998
-0.00304615
0.00164856
-0.00304615
0.00562855
-0.00735405
0.00795997
-0.00735405
0.00562855
-0.00304615
0.00397998
-0.00735405
0.00960853
-0.0104002
0.00960853
-0.00735405
0.00397998
-0.0043079
0.00795997
-0.0104002
0.0112571
-0.0104002
0.00795997
-0.0043079
0.00397998
-0.00735405
0.00960853
-0.0104002
0.00960853
-0.00735405
0.00397998
-0.00304615
0.00562855
-0.00735405
0.00795997
-0.00735405
0.00562855
-0.00304615
0.00164856
-0.00304615
0.00397998
-0.0043079
0.00397998
-0.00304615
0.00164856
-0.00126176
0.00233142
-0.00304615
0.00329713
-0.00304615
0.00233142
-0.00126176
0.00233142
-0.0043079
0.00562855
-0.0060923
0.00562855
-0.0043079
0.00233142
-0.00304615
0.00562855
-0.00735405
0.00795997
-0.00735405
0.00562855
-0.00304615
0.00329713
-0.0060923
0.00795997
-0.00861581
0.00795997
-0.0060923
0.00329713
-0.00304615
0.00562855
-0.00735405
0.00795997
-0.00735405
0.00562855
-0.00304615
0.00233142
-0.0043079
0.00562855
-0.0060923
0.00562855
-0.0043079
0.00233142
-0.00126176
0.00233142
-0.00304615
0.00329713
-0.00304615
0.00233142
-0.00126176
0.000682857
-0.00126176
0.00164856
-0.00178439
0.00164856
-0.00126176
0.000682857
-0.00126176
0.00233142
-0.00304615
0.00329713
-0.00304615
0.00233142
-0.00126176
0.00164856
-0.00304615
0.00397998
-0.0043079
0.00397998
-0.00304615
0.00164856
-0.00178439
0.00329713
-0.0043079
0.00466284
-0.0043079
0.00329713
-0.00178439
0.00164856
-0.00304615
0.00397998
-0.0043079
0.00397998
-0.00304615
0.00164856
-0.00126176
0.00233142
-0.00304615
0.00329713
-0.00304615
0.00233142
-0.00126176
0.000682857
-0.00126176
0.00164856
-0.00178439
0.00164856
-0.00126176
0.000682857
