0
0
0
0
0
0
0
0
0
0
0
0
0
0
0
0
0
0
0
0
0
0
0
0
0
0
0
0
0
0
0
0
0
0
5.43835e-16
0
8.40781e-16
0
7.56029e-16
0
3.28056e-16
0
-2.48847e-16
0
-7.1278e-16
0
-8.53125e-16
0
-6.06169e-16
0
-8.40255e-17
0
4.76264e-16
0
8.2034e-16
0
7.91998e-16
0
4.04106e-16
0
-1.67242e-16
0
-6.62665e-16
0
-8.57253e-16
0
-6.62665e-16
0
-1.67242e-16
0
4.04106e-16
0
7.91998e-16
0
8.2034e-16
0
4.76264e-16
0
-8.40255e-17
0
-6.06169e-16
0
-8.53125e-16
0
-7.1278e-16
0
-2.48847e-16
0
3.28056e-16
0
7.56029e-16
0
8.40781e-16
0
5.43835e-16
0
5.43835e-16
8.40781e-16
7.56029e-16
3.28056e-16
-2.48847e-16
-7.1278e-16
-8.53125e-16
-6.06169e-16
-8.40255e-17
4.76264e-16
8.2034e-16
7.91998e-16
4.04106e-16
-1.67242e-16
-6.62665e-16
-8.57253e-16
-6.62665e-16
-1.67242e-16
4.04106e-16
7.91998e-16
8.2034e-16
4.76264e-16
-8.40255e-17
-6.06169e-16
-8.53125e-16
-7.1278e-16
-2.48847e-16
3.28056e-16
7.56029e-16
8.40781e-16
5.43835e-16
7.34882e-31
0.393487
0.608339
0.547018
0.237362
-0.180051
-0.515725
-0.617271
-0.438588
-0.0607958
0.344596
0.593549
0.573043
0.292387
-0.121006
-0.479465
-0.620257
-0.479465
-0.121006
0.292387
0.573043
0.593549
0.344596
-0.0607958
-0.438588
-0.617271
-0.515725
-0.180051
0.237362
0.547018
0.608339
0.393487
0.608339
0.940505
0.845701
0.366967
-0.278363
-0.797322
-0.954313
-0.678066
-0.0939916
0.532753
0.917639
0.885936
0.452037
-0.187078
-0.741263
-0.958931
-0.741263
-0.187078
0.452037
0.885936
0.917639
0.532753
-0.0939916
-0.678066
-0.954313
-0.797322
-0.278363
0.366967
0.845701
0.940505
0.608339
0.547018
0.845701
0.760454
0.329976
-0.250304
-0.716951
-0.858118
-0.609717
-0.0845172
0.479051
0.825141
0.796633
0.406471
-0.16822
-0.666543
-0.86227
-0.666543
-0.16822
0.406471
0.796633
0.825141
0.479051
-0.0845172
-0.609717
-0.858118
-0.716951
-0.250304
0.329976
0.760454
0.845701
0.547018
0.237362
0.366967
0.329976
0.143183
-0.108612
-0.3111
-0.372355
-0.264568
-0.0366737
0.20787
0.358045
0.345675
0.176376
-0.0729943
-0.289227
-0.374156
-0.289227
-0.0729943
0.176376
0.345675
0.358045
0.20787
-0.0366737
-0.264568
-0.372355
-0.3111
-0.108612
0.143183
0.329976
0.366967
0.237362
-0.180051
-0.278363
-0.250304
-0.108612
0.0823875
0.235985
0.28245
0.200688
0.0278189
-0.15768
-0.271595
-0.262212
-0.13379
0.0553698
0.219393
0.283816
0.219393
0.0553698
-0.13379
-0.262212
-0.271595
-0.15768
0.0278189
0.200688
0.28245
0.235985
0.0823875
-0.108612
-0.250304
-0.278363
-0.180051
-0.515725
-0.797322
-0.716951
-0.3111
0.235985
0.675937
0.809028
0.574837
0.0796823
-0.451647
-0.777937
-0.751061
-0.383218
0.158597
0.628413
0.812942
0.628413
0.158597
-0.383218
-0.751061
-0.777937
-0.451647
0.0796823
0.574837
0.809028
0.675937
0.235985
-0.3111
-0.716951
-0.797322
-0.515725
-0.617271
-0.954313
-0.858118
-0.372355
0.28245
0.809028
0.968324
0.688021
0.0953716
-0.540575
-0.931112
-0.898943
-0.458673
0.189825
0.752146
0.973009
0.752146
0.189825
-0.458673
-0.898943
-0.931112
-0.540575
0.0953716
0.688021
0.968324
0.809028
0.28245
-0.372355
-0.858118
-0.954313
-0.617271
-0.438588
-0.678066
-0.609717
-0.264568
0.200688
0.574837
0.688021
0.488859
0.0677642
-0.384094
-0.661581
-0.638725
-0.3259
0.134876
0.534421
0.691351
0.534421
0.134876
-0.3259
-0.638725
-0.661581
-0.384094
0.0677642
0.488859
0.688021
0.574837
0.200688
-0.264568
-0.609717
-0.678066
-0.438588
-0.0607958
-0.0939916
-0.0845172
-0.0366737
0.0278189
0.0796823
0.0953716
0.0677642
0.00939328
-0.053242
-0.0917065
-0.0885382
-0.0451754
0.0186961
0.07408
0.0958331
0.07408
0.0186961
-0.0451754
-0.0885382
-0.0917065
-0.053242
0.00939328
0.0677642
0.0953716
0.0796823
0.0278189
-0.0366737
-0.0845172
-0.0939916
-0.0607958
0.344596
0.532753
0.479051
0.20787
-0.15768
-0.451647
-0.540575
-0.384094
-0.053242
0.301781
0.519801
0.501843
0.256058
-0.105971
-0.419892
-0.543191
-0.419892
-0.105971
0.256058
0.501843
0.519801
0.301781
-0.053242
-0.384094
-0.540575
-0.451647
-0.15768
0.20787
0.479051
0.532753
0.344596
0.593549
0.917639
0.825141
0.358045
-0.271595
-0.777937
-0.931112
-0.661581
-0.0917065
0.519801
0.89533
0.864398
0.441047
-0.18253
-0.723242
-0.935617
-0.723242
-0.18253
0.441047
0.864398
0.89533
0.519801
-0.0917065
-0.661581
-0.931112
-0.777937
-0.271595
0.358045
0.825141
0.917639
0.593549
0.573043
0.885936
0.796633
0.345675
-0.262212
-0.751061
-0.898943
-0.638725
-0.0885382
0.501843
0.864398
0.834534
0.425809
-0.176224
-0.698255
-0.903293
-0.698255
-0.176224
0.425809
0.834534
0.864398
0.501843
-0.0885382
-0.638725
-0.898943
-0.751061
-0.262212
0.345675
0.796633
0.885936
0.573043
0.292387
0.452037
0.406471
0.176376
-0.13379
-0.383218
-0.458673
-0.3259
-0.0451754
0.256058
0.441047
0.425809
0.217263
-0.0899157
-0.356275
-0.460893
-0.356275
-0.0899157
0.217263
0.425809
0.441047
0.256058
-0.0451754
-0.3259
-0.458673
-0.383218
-0.13379
0.176376
0.406471
0.452037
0.292387
-0.121006
-0.187078
-0.16822
-0.0729943
0.0553698
0.158597
0.189825
0.134876
0.0186961
-0.105971
-0.18253
-0.176224
-0.0899157
0.0372121
0.147446
0.190743
0.147446
0.0372121
-0.0899157
-0.176224
-0.18253
-0.105971
0.0186961
0.134876
0.189825
0.158597
0.0553698
-0.0729943
-0.16822
-0.187078
-0.121006
-0.479465
-0.741263
-0.666543
-0.289227
0.219393
0.628413
0.752146
0.534421
0.07408
-0.419892
-0.723242
-0.698255
-0.356275
0.147446
0.58423
0.755786
0.58423
0.147446
-0.356275
-0.698255
-0.723242
-0.419892
0.07408
0.534421
0.752146
0.628413
0.219393
-0.289227
-0.666543
-0.741263
-0.479465
-0.620257
-0.958931
-0.86227
-0.374156
0.283816
0.812942
0.973009
0.691351
0.0958331
-0.543191
-0.935617
-0.903293
-0.460893
0.190743
0.755786
0.977717
0.755786
0.190743
-0.460893
-0.903293
-0.935617
-0.543191
0.0958331
0.691351
0.973009
0.812942
0.283816
-0.374156
-0.86227
-0.958931
-0.620257
-0.479465
-0.741263
-0.666543
-0.289227
0.219393
0.628413
0.752146
0.534421
0.07408
-0.419892
-0.723242
-0.698255
-0.356275
0.147446
0.58423
0.755786
0.58423
0.147446
-0.356275
-0.698255
-0.723242
-0.419892
0.07408
0.534421
0.752146
0.628413
0.219393
-0.289227
-0.666543
-0.741263
-0.479465
-0.121006
-0.187078
-0.16822
-0.0729943
0.0553698
0.158597
0.189825
0.134876
0.0186961
-0.105971
-0.18253
-0.176224
-0.0899157
0.0372121
0.147446
0.190743
0.147446
0.0372121
-0.0899157
-0.176224
-0.18253
-0.105971
0.0186961
0.134876
0.189825
0.158597
0.0553698
-0.0729943
-0.16822
-0.187078
-0.121006
0.292387
0.452037
0.406471
0.176376
-0.13379
-0.383218
-0.458673
-0.3259
-0.0451754
0.256058
0.441047
0.425809
0.217263
-0.0899157
-0.356275
-0.460893
-0.356275
-0.0899157
0.217263
0.425809
0.441047
0.256058
-0.0451754
-0.3259
-0.458673
-0.383218
-0.13379
0.176376
0.406471
0.452037
0.292387
0.573043
0.885936
0.796633
0.345675
-0.262212
-0.751061
-0.898943
-0.638725
-0.0885382
0.501843
0.864398
0.834534
0.425809
-0.176224
-0.698255
-0.903293
-0.698255
-0.176224
0.425809
0.834534
0.864398
0.501843
-0.0885382
-0.638725
-0.898943
-0.751061
-0.262212
0.345675
0.796633
0.885936
0.573043
0.593549
0.917639
0.825141
0.358045
-0.271595
-0.777937
-0.931112
-0.661581
-0.0917065
0.519801
0.89533
0.864398
0.441047
-0.18253
-0.723242
-0.935617
-0.723242
-0.18253
0.441047
0.864398
0.89533
0.519801
-0.0917065
-0.661581
-0.931112
-0.777937
-0.271595
0.358045
0.825141
0.917639
0.593549
0.344596
0.532753
0.479051
0.20787
-0.15768
-0.451647
-0.540575
-0.384094
-0.053242
0.301781
0.519801
0.501843
0.256058
-0.105971
-0.419892
-0.543191
-0.419892
-0.105971
0.256058
0.501843
0.519801
0.301781
-0.053242
-0.384094
-0.540575
-0.451647
-0.15768
0.20787
0.479051
0.532753
0.344596
-0.0607958
-0.0939916
-0.0845172
-0.0366737
0.0278189
0.0796823
0.0953716
0.0677642
0.00939328
-0.053242
-0.0917065
-0.0885382
-0.0451754
0.0186961
0.07408
0.0958331
0.07408
0.0186961
-0.0451754
-0.0885382
-0.0917065
-0.053242
0.00939328
0.0677642
0.0953716
0.0796823
0.0278189
-0.0366737
-0.0845172
-0.0939916
-0.0607958
-0.438588
-0.678066
-0.609717
-0.264568
0.200688
0.574837
0.688021
0.488859
0.0677642
-0.384094
-0.661581
-0.638725
-0.3259
0.134876
0.534421
0.691351
0.534421
0.134876
-0.3259
-0.638725
-0.661581
-0.384094
0.0677642
0.488859
0.688021
0.574837
0.200688
-0.264568
-0.609717
-0.678066
-0.438588
-0.617271
-0.954313
-0.858118
-0.372355
0.28245
0.809028
0.968324
0.688021
0.0953716
-0.540575
-0.931112
-0.898943
-0.458673
0.189825
0.752146
0.973009
0.752146
0.189825
-0.458673
-0.898943
-0.931112
-0.540575
0.0953716
0.688021
0.968324
0.809028
0.28245
-0.372355
-0.858118
-0.954313
-0.617271
-0.515725
-0.797322
-0.716951
-0.3111
0.235985
0.675937
0.809028
0.574837
0.0796823
-0.451647
-0.777937
-0.751061
-0.383218
0.158597
0.628413
0.812942
0.628413
0.158597
-0.383218
-0.751061
-0.777937
-0.451647
0.0796823
0.574837
0.809028
0.675937
0.235985
-0.3111
-0.716951
-0.797322
-0.515725
-0.180051
-0.278363
-0.250304
-0.108612
0.0823875
0.235985
0.28245
0.200688
0.0278189
-0.15768
-0.271595
-0.262212
-0.13379
0.0553698
0.219393
0.283816
0.219393
0.0553698
-0.13379
-0.262212
-0.271595
-0.15768
0.0278189
0.200688
0.28245
0.235985
0.0823875
-0.108612
-0.250304
-0.278363
-0.180051
0.237362
0.366967
0.329976
0.143183
-0.108612
-0.3111
-0.372355
-0.264568
-0.0366737
0.20787
0.358045
0.345675
0.176376
-0.0729943
-0.289227
-0.374156
-0.289227
-0.0729943
0.176376
0.345675
0.358045
0.20787
-0.0366737
-0.264568
-0.372355
-0.3111
-0.108612
0.143183
0.329976
0.366967
0.237362
0.547018
0.845701
0.760454
0.329976
-0.250304
-0.716951
-0.858118
-0.609717
-0.0845172
0.479051
0.825141
0.796633
0.406471
-0.16822
-0.666543
-0.86227
-0.666543
-0.16822
0.406471
0.796633
0.825141
0.479051
-0.0845172
-0.609717
-0.858118
-0.716951
-0.250304
0.329976
0.760454
0.845701
0.547018
0.608339
0.940505
0.845701
0.366967
-0.278363
-0.797322
-0.954313
-0.678066
-0.0939916
0.532753
0.917639
0.885936
0.452037
-0.187078
-0.741263
-0.958931
-0.741263
-0.187078
0.452037
0.885936
0.917639
0.532753
-0.0939916
-0.678066
-0.954313
-0.797322
-0.278363
0.366967
0.845701
0.940505
0.608339
0.393487
0.608339
0.547018
0.237362
-0.180051
-0.515725
-0.617271
-0.438588
-0.0607958
0.344596
0.593549
0.573043
0.292387
-0.121006
-0.479465
-0.620257
-0.479465
-0.121006
0.292387
0.573043
0.593549
0.344596
-0.0607958
-0.438588
-0.617271
-0.515725
-0.180051
0.237362
0.547018
0.608339
0.393487
