0
0
0
0
0
0
0
0
0
0
3.28056e-16
0
-6.06169e-16
0
7.91998e-16
0
-8.57253e-16
0
7.91998e-16
0
-6.06169e-16
0
3.28056e-16
0
3.28056e-16
-6.06169e-16
7.91998e-16
-8.57253e-16
7.91998e-16
-6.06169e-16
3.28056e-16
7.34882e-31
0.0210895
-0.0389683
0.0509145
-0.0551095
0.0509145
-0.0389683
0.0210895
-0.0389683
0.072004
-0.0940778
0.101829
-0.0940778
0.072004
-0.0389683
0.0509145
-0.0940778
0.122919
-0.133046
0.122919
-0.0940778
0.0509145
-0.0551095
0.101829
-0.133046
0.144008
-0.133046
0.101829
-0.0551095
0.0509145
-0.0940778
0.122919
-0.133046
0.122919
-0.0940778
0.0509145
-0.0389683
0.072004
-0.0940778
0.101829
-0.0940778
0.072004
-0.0389683
0.0210895
-0.0389683
0.0509145
-0.0551095
0.0509145
-0.0389683
0.0210895
