0
0
0
0
0
0
0
0
0
0
0
0
0
0
0
0
0
0
0
0
0
0
0
0
0
0
0
0
0
0
0
0
0
0
0
0
0
0
0
0
0
0
0
0
0
0
0
0
0
0
0
0
0
0
0
0
0
0
0
0
0
0
0
0
0
0
2.888e-16
0
5.43835e-16
0
7.3529e-16
0
8.40781e-16
0
8.47974e-16
0
7.56029e-16
0
5.75696e-16
0
3.28056e-16
0
4.20634e-17
0
-2.48847e-16
0
-5.10665e-16
0
-7.1278e-16
0
-8.31562e-16
0
-8.53125e-16
0
-7.74947e-16
0
-6.06169e-16
0
-3.66523e-16
0
-8.40255e-17
0
2.08295e-16
0
4.76264e-16
0
6.88552e-16
0
8.2034e-16
0
8.5622e-16
0
7.91998e-16
0
6.35182e-16
0
4.04106e-16
0
1.25785e-16
0
-1.67242e-16
0
-4.40716e-16
0
-6.62665e-16
0
-8.07141e-16
0
-8.57253e-16
0
-8.07141e-16
0
-6.62665e-16
0
-4.40716e-16
0
-1.67242e-16
0
1.25785e-16
0
4.04106e-16
0
6.35182e-16
0
7.91998e-16
0
8.5622e-16
0
8.2034e-16
0
6.88552e-16
0
4.76264e-16
0
2.08295e-16
0
-8.40255e-17
0
-3.66523e-16
0
-6.06169e-16
0
-7.74947e-16
0
-8.53125e-16
0
-8.31562e-16
0
-7.1278e-16
0
-5.10665e-16
0
-2.48847e-16
0
4.20634e-17
0
3.28056e-16
0
5.75696e-16
0
7.56029e-16
0
8.47974e-16
0
8.40781e-16
0
7.3529e-16
0
5.43835e-16
0
2.888e-16
0
2.888e-16
5.43835e-16
7.3529e-16
8.40781e-16
8.47974e-16
7.56029e-16
5.75696e-16
3.28056e-16
4.20634e-17
-2.48847e-16
-5.10665e-16
-7.1278e-16
-8.31562e-16
-8.53125e-16
-7.74947e-16
-6.06169e-16
-3.66523e-16
-8.40255e-17
2.08295e-16
4.76264e-16
6.88552e-16
8.2034e-16
8.5622e-16
7.91998e-16
6.35182e-16
4.04106e-16
1.25785e-16
-1.67242e-16
-4.40716e-16
-6.62665e-16
-8.07141e-16
-8.57253e-16
-8.07141e-16
-6.62665e-16
-4.40716e-16
-1.67242e-16
1.25785e-16
4.04106e-16
6.35182e-16
7.91998e-16
8.5622e-16
8.2034e-16
6.88552e-16
4.76264e-16
2.08295e-16
-8.40255e-17
-3.66523e-16
-6.06169e-16
-7.74947e-16
-8.53125e-16
-8.31562e-16
-7.1278e-16
-5.10665e-16
-2.48847e-16
4.20634e-17
3.28056e-16
5.75696e-16
7.56029e-16
8.47974e-16
8.40781e-16
7.3529e-16
5.43835e-16
2.888e-16
7.34882e-31
0.112918
0.212635
0.287492
0.328738
0.331551
0.295601
0.225092
0.128267
0.0164464
-0.0972972
-0.199666
-0.278691
-0.325134
-0.333564
-0.302998
-0.237007
-0.143307
-0.0328532
0.0814417
0.186215
0.269218
0.320746
0.334775
0.309664
0.248351
0.158002
0.0491809
-0.0653901
-0.172316
-0.259096
-0.315585
-0.335178
-0.315585
-0.259096
-0.172316
-0.0653901
0.0491809
0.158002
0.248351
0.309664
0.334775
0.320746
0.269218
0.186215
0.0814417
-0.0328532
-0.143307
-0.237007
-0.302998
-0.333564
-0.325134
-0.278691
-0.199666
-0.0972972
0.0164464
0.128267
0.225092
0.295601
0.331551
0.328738
0.287492
0.212635
0.112918
0.212635
0.40041
0.541373
0.619043
0.624339
0.556643
0.423868
0.241539
0.0309701
-0.183219
-0.375988
-0.524799
-0.612255
-0.628131
-0.570571
-0.446305
-0.26986
-0.0618655
0.153362
0.35066
0.506961
0.603993
0.63041
0.583126
0.467667
0.297532
0.092612
-0.123135
-0.324486
-0.487901
-0.594275
-0.631171
-0.594275
-0.487901
-0.324486
-0.123135
0.092612
0.297532
0.467667
0.583126
0.63041
0.603993
0.506961
0.35066
0.153362
-0.0618655
-0.26986
-0.446305
-0.570571
-0.628131
-0.612255
-0.524799
-0.375988
-0.183219
0.0309701
0.241539
0.423868
0.556643
0.624339
0.619043
0.541373
0.40041
0.212635
0.287492
0.541373
0.731961
0.836974
0.844135
0.752606
0.573089
0.326571
0.0418729
-0.247721
-0.508353
-0.709552
-0.827797
-0.849262
-0.771439
-0.603425
-0.364863
-0.083645
0.207352
0.474108
0.685434
0.816625
0.852343
0.788412
0.632306
0.402276
0.125216
-0.166484
-0.438721
-0.659665
-0.803487
-0.853371
-0.803487
-0.659665
-0.438721
-0.166484
0.125216
0.402276
0.632306
0.788412
0.852343
0.816625
0.685434
0.474108
0.207352
-0.083645
-0.364863
-0.603425
-0.771439
-0.849262
-0.827797
-0.709552
-0.508353
-0.247721
0.0418729
0.326571
0.573089
0.752606
0.844135
0.836974
0.731961
0.541373
0.287492
0.328738
0.619043
0.836974
0.957053
0.965241
0.860581
0.655309
0.373424
0.0478804
-0.283261
-0.581285
-0.81135
-0.946559
-0.971104
-0.882115
-0.689997
-0.417209
-0.0956454
0.237101
0.542127
0.783772
0.933785
0.974627
0.901524
0.723022
0.45999
0.14318
-0.19037
-0.501663
-0.754306
-0.918761
-0.975803
-0.918761
-0.754306
-0.501663
-0.19037
0.14318
0.45999
0.723022
0.901524
0.974627
0.933785
0.783772
0.542127
0.237101
-0.0956454
-0.417209
-0.689997
-0.882115
-0.971104
-0.946559
-0.81135
-0.581285
-0.283261
0.0478804
0.373424
0.655309
0.860581
0.965241
0.957053
0.836974
0.619043
0.328738
0.331551
0.624339
0.844135
0.965241
0.973499
0.867944
0.660916
0.376618
0.04829
-0.285684
-0.586258
-0.818292
-0.954658
-0.979412
-0.889662
-0.6959
-0.420779
-0.0964637
0.239129
0.546765
0.790478
0.941774
0.982966
0.909237
0.729208
0.463926
0.144405
-0.191998
-0.505955
-0.760759
-0.926622
-0.984151
-0.926622
-0.760759
-0.505955
-0.191998
0.144405
0.463926
0.729208
0.909237
0.982966
0.941774
0.790478
0.546765
0.239129
-0.0964637
-0.420779
-0.6959
-0.889662
-0.979412
-0.954658
-0.818292
-0.586258
-0.285684
0.04829
0.376618
0.660916
0.867944
0.973499
0.965241
0.844135
0.624339
0.331551
0.295601
0.556643
0.752606
0.860581
0.867944
0.773834
0.589253
0.335782
0.043054
-0.254708
-0.522691
-0.729566
-0.851145
-0.873216
-0.793197
-0.620445
-0.375154
-0.0860043
0.213201
0.48748
0.704767
0.839659
0.876384
0.81065
0.650141
0.413623
0.128747
-0.17118
-0.451095
-0.678271
-0.826149
-0.877441
-0.826149
-0.678271
-0.451095
-0.17118
0.128747
0.413623
0.650141
0.81065
0.876384
0.839659
0.704767
0.48748
0.213201
-0.0860043
-0.375154
-0.620445
-0.793197
-0.873216
-0.851145
-0.729566
-0.522691
-0.254708
0.043054
0.335782
0.589253
0.773834
0.867944
0.860581
0.752606
0.556643
0.295601
0.225092
0.423868
0.573089
0.655309
0.660916
0.589253
0.4487
0.255689
0.0327844
-0.193953
-0.398015
-0.555544
-0.648124
-0.66493
-0.603998
-0.472452
-0.28567
-0.0654899
0.162347
0.371203
0.536661
0.639377
0.667343
0.617288
0.495065
0.314963
0.0980376
-0.130349
-0.343496
-0.516485
-0.62909
-0.668147
-0.62909
-0.516485
-0.343496
-0.130349
0.0980376
0.314963
0.495065
0.617288
0.667343
0.639377
0.536661
0.371203
0.162347
-0.0654899
-0.28567
-0.472452
-0.603998
-0.66493
-0.648124
-0.555544
-0.398015
-0.193953
0.0327844
0.255689
0.4487
0.589253
0.660916
0.655309
0.573089
0.423868
0.225092
0.128267
0.241539
0.326571
0.373424
0.376618
0.335782
0.255689
0.145703
0.018682
-0.110523
-0.226806
-0.316573
-0.369329
-0.378906
-0.344184
-0.269223
-0.162787
-0.037319
0.0925121
0.211527
0.305813
0.364345
0.380281
0.351757
0.282109
0.179479
0.0558661
-0.0742786
-0.195739
-0.294316
-0.358483
-0.380739
-0.358483
-0.294316
-0.195739
-0.0742786
0.0558661
0.179479
0.282109
0.351757
0.380281
0.364345
0.305813
0.211527
0.0925121
-0.037319
-0.162787
-0.269223
-0.344184
-0.378906
-0.369329
-0.316573
-0.226806
-0.110523
0.018682
0.145703
0.255689
0.335782
0.376618
0.373424
0.326571
0.241539
0.128267
0.0164464
0.0309701
0.0418729
0.0478804
0.04829
0.043054
0.0327844
0.018682
0.00239541
-0.0141712
-0.0290811
-0.040591
-0.0473554
-0.0485833
-0.0441313
-0.0345198
-0.0208726
-0.00478504
0.0118619
0.0271221
0.0392113
0.0467163
0.0487596
0.0451023
0.0361721
0.0230128
0.00716315
-0.009524
-0.0250977
-0.0377371
-0.0459647
-0.0488184
-0.0459647
-0.0377371
-0.0250977
-0.009524
0.00716315
0.0230128
0.0361721
0.0451023
0.0487596
0.0467163
0.0392113
0.0271221
0.0118619
-0.00478504
-0.0208726
-0.0345198
-0.0441313
-0.0485833
-0.0473554
-0.040591
-0.0290811
-0.0141712
0.00239541
0.018682
0.0327844
0.043054
0.04829
0.0478804
0.0418729
0.0309701
0.0164464
-0.0972972
-0.183219
-0.247721
-0.283261
-0.285684
-0.254708
-0.193953
-0.110523
-0.0141712
0.0838371
0.172044
0.240137
0.280155
0.287419
0.261081
0.20422
0.123482
0.0283083
-0.0701751
-0.160454
-0.231974
-0.276374
-0.288462
-0.266826
-0.213994
-0.136144
-0.0423772
0.056344
0.148478
0.223253
0.271927
0.28881
0.271927
0.223253
0.148478
0.056344
-0.0423772
-0.136144
-0.213994
-0.266826
-0.288462
-0.276374
-0.231974
-0.160454
-0.0701751
0.0283083
0.123482
0.20422
0.261081
0.287419
0.280155
0.240137
0.172044
0.0838371
-0.0141712
-0.110523
-0.193953
-0.254708
-0.285684
-0.283261
-0.247721
-0.183219
-0.0972972
-0.199666
-0.375988
-0.508353
-0.581285
-0.586258
-0.522691
-0.398015
-0.226806
-0.0290811
0.172044
0.353055
0.49279
0.574911
0.589819
0.53577
0.419083
0.2534
0.0580921
-0.144008
-0.329272
-0.47604
-0.567153
-0.591959
-0.547559
-0.439142
-0.279384
-0.0869632
0.115625
0.304695
0.458143
0.558028
0.592673
0.558028
0.458143
0.304695
0.115625
-0.0869632
-0.279384
-0.439142
-0.547559
-0.591959
-0.567153
-0.47604
-0.329272
-0.144008
0.0580921
0.2534
0.419083
0.53577
0.589819
0.574911
0.49279
0.353055
0.172044
-0.0290811
-0.226806
-0.398015
-0.522691
-0.586258
-0.581285
-0.508353
-0.375988
-0.199666
-0.278691
-0.524799
-0.709552
-0.81135
-0.818292
-0.729566
-0.555544
-0.316573
-0.040591
0.240137
0.49279
0.68783
0.802454
0.823262
0.747821
0.584951
0.353693
0.0810843
-0.201004
-0.459593
-0.66445
-0.791625
-0.826249
-0.764275
-0.612949
-0.389961
-0.121382
0.161388
0.425289
0.63947
0.778888
0.827246
0.778888
0.63947
0.425289
0.161388
-0.121382
-0.389961
-0.612949
-0.764275
-0.826249
-0.791625
-0.66445
-0.459593
-0.201004
0.0810843
0.353693
0.584951
0.747821
0.823262
0.802454
0.68783
0.49279
0.240137
-0.040591
-0.316573
-0.555544
-0.729566
-0.818292
-0.81135
-0.709552
-0.524799
-0.278691
-0.325134
-0.612255
-0.827797
-0.946559
-0.954658
-0.851145
-0.648124
-0.369329
-0.0473554
0.280155
0.574911
0.802454
0.93618
0.960456
0.872443
0.682431
0.412635
0.0945967
-0.234501
-0.536183
-0.775178
-0.923546
-0.963941
-0.891639
-0.715094
-0.454947
-0.14161
0.188282
0.496162
0.746035
0.908687
0.965103
0.908687
0.746035
0.496162
0.188282
-0.14161
-0.454947
-0.715094
-0.891639
-0.963941
-0.923546
-0.775178
-0.536183
-0.234501
0.0945967
0.412635
0.682431
0.872443
0.960456
0.93618
0.802454
0.574911
0.280155
-0.0473554
-0.369329
-0.648124
-0.851145
-0.954658
-0.946559
-0.827797
-0.612255
-0.325134
-0.333564
-0.628131
-0.849262
-0.971104
-0.979412
-0.873216
-0.66493
-0.378906
-0.0485833
0.287419
0.589819
0.823262
0.960456
0.985361
0.895066
0.700127
0.423335
0.0970496
-0.240582
-0.550086
-0.795279
-0.947494
-0.988936
-0.91476
-0.733637
-0.466744
-0.145282
0.193165
0.509028
0.76538
0.93225
0.990129
0.93225
0.76538
0.509028
0.193165
-0.145282
-0.466744
-0.733637
-0.91476
-0.988936
-0.947494
-0.795279
-0.550086
-0.240582
0.0970496
0.423335
0.700127
0.895066
0.985361
0.960456
0.823262
0.589819
0.287419
-0.0485833
-0.378906
-0.66493
-0.873216
-0.979412
-0.971104
-0.849262
-0.628131
-0.333564
-0.302998
-0.570571
-0.771439
-0.882115
-0.889662
-0.793197
-0.603998
-0.344184
-0.0441313
0.261081
0.53577
0.747821
0.872443
0.895066
0.813045
0.63597
0.384542
0.0881563
-0.218536
-0.499678
-0.722402
-0.860669
-0.898314
-0.830934
-0.666409
-0.423973
-0.131969
0.175464
0.462382
0.695243
0.846822
0.899397
0.846822
0.695243
0.462382
0.175464
-0.131969
-0.423973
-0.666409
-0.830934
-0.898314
-0.860669
-0.722402
-0.499678
-0.218536
0.0881563
0.384542
0.63597
0.813045
0.895066
0.872443
0.747821
0.53577
0.261081
-0.0441313
-0.344184
-0.603998
-0.793197
-0.889662
-0.882115
-0.771439
-0.570571
-0.302998
-0.237007
-0.446305
-0.603425
-0.689997
-0.6959
-0.620445
-0.472452
-0.269223
-0.0345198
0.20422
0.419083
0.584951
0.682431
0.700127
0.63597
0.49746
0.300791
0.0689565
-0.17094
-0.390852
-0.565068
-0.673222
-0.702667
-0.649963
-0.52127
-0.331635
-0.103227
0.137249
0.361679
0.543824
0.66239
0.703515
0.66239
0.543824
0.361679
0.137249
-0.103227
-0.331635
-0.52127
-0.649963
-0.702667
-0.673222
-0.565068
-0.390852
-0.17094
0.0689565
0.300791
0.49746
0.63597
0.700127
0.682431
0.584951
0.419083
0.20422
-0.0345198
-0.269223
-0.472452
-0.620445
-0.6959
-0.689997
-0.603425
-0.446305
-0.237007
-0.143307
-0.26986
-0.364863
-0.417209
-0.420779
-0.375154
-0.28567
-0.162787
-0.0208726
0.123482
0.2534
0.353693
0.412635
0.423335
0.384542
0.300791
0.181875
0.0416948
-0.10336
-0.23633
-0.341671
-0.407066
-0.424871
-0.393003
-0.315188
-0.200524
-0.0624167
0.0829881
0.218691
0.328826
0.400517
0.425383
0.400517
0.328826
0.218691
0.0829881
-0.0624167
-0.200524
-0.315188
-0.393003
-0.424871
-0.407066
-0.341671
-0.23633
-0.10336
0.0416948
0.181875
0.300791
0.384542
0.423335
0.412635
0.353693
0.2534
0.123482
-0.0208726
-0.162787
-0.28567
-0.375154
-0.420779
-0.417209
-0.364863
-0.26986
-0.143307
-0.0328532
-0.0618655
-0.083645
-0.0956454
-0.0964637
-0.0860043
-0.0654899
-0.037319
-0.00478504
0.0283083
0.0580921
0.0810843
0.0945967
0.0970496
0.0881563
0.0689565
0.0416948
0.00955855
-0.0236952
-0.0541788
-0.0783282
-0.0933201
-0.0974017
-0.090096
-0.072257
-0.0459702
-0.014309
0.0190251
0.0501349
0.0753834
0.0918186
0.0975192
0.0918186
0.0753834
0.0501349
0.0190251
-0.014309
-0.0459702
-0.072257
-0.090096
-0.0974017
-0.0933201
-0.0783282
-0.0541788
-0.0236952
0.00955855
0.0416948
0.0689565
0.0881563
0.0970496
0.0945967
0.0810843
0.0580921
0.0283083
-0.00478504
-0.037319
-0.0654899
-0.0860043
-0.0964637
-0.0956454
-0.083645
-0.0618655
-0.0328532
0.0814417
0.153362
0.207352
0.237101
0.239129
0.213201
0.162347
0.0925121
0.0118619
-0.0701751
-0.144008
-0.201004
-0.234501
-0.240582
-0.218536
-0.17094
-0.10336
-0.0236952
0.0587394
0.134307
0.194172
0.231336
0.241455
0.223344
0.179122
0.113958
0.0354715
-0.0471623
-0.124282
-0.186872
-0.227614
-0.241746
-0.227614
-0.186872
-0.124282
-0.0471623
0.0354715
0.113958
0.179122
0.223344
0.241455
0.231336
0.194172
0.134307
0.0587394
-0.0236952
-0.10336
-0.17094
-0.218536
-0.240582
-0.234501
-0.201004
-0.144008
-0.0701751
0.0118619
0.0925121
0.162347
0.213201
0.239129
0.237101
0.207352
0.153362
0.0814417
0.186215
0.35066
0.474108
0.542127
0.546765
0.48748
0.371203
0.211527
0.0271221
-0.160454
-0.329272
-0.459593
-0.536183
-0.550086
-0.499678
-0.390852
-0.23633
-0.0541788
0.134307
0.30709
0.443971
0.528947
0.552082
0.510672
0.409559
0.260564
0.081105
-0.107836
-0.284169
-0.42728
-0.520437
-0.552748
-0.520437
-0.42728
-0.284169
-0.107836
0.081105
0.260564
0.409559
0.510672
0.552082
0.528947
0.443971
0.30709
0.134307
-0.0541788
-0.23633
-0.390852
-0.499678
-0.550086
-0.536183
-0.459593
-0.329272
-0.160454
0.0271221
0.211527
0.371203
0.48748
0.546765
0.542127
0.474108
0.35066
0.186215
0.269218
0.506961
0.685434
0.783772
0.790478
0.704767
0.536661
0.305813
0.0392113
-0.231974
-0.47604
-0.66445
-0.775178
-0.795279
-0.722402
-0.565068
-0.341671
-0.0783282
0.194172
0.443971
0.641865
0.764717
0.798165
0.738297
0.592114
0.376706
0.117256
-0.155902
-0.410833
-0.617734
-0.752413
-0.799127
-0.752413
-0.617734
-0.410833
-0.155902
0.117256
0.376706
0.592114
0.738297
0.798165
0.764717
0.641865
0.443971
0.194172
-0.0783282
-0.341671
-0.565068
-0.722402
-0.795279
-0.775178
-0.66445
-0.47604
-0.231974
0.0392113
0.305813
0.536661
0.704767
0.790478
0.783772
0.685434
0.506961
0.269218
0.320746
0.603993
0.816625
0.933785
0.941774
0.839659
0.639377
0.364345
0.0467163
-0.276374
-0.567153
-0.791625
-0.923546
-0.947494
-0.860669
-0.673222
-0.407066
-0.0933201
0.231336
0.528947
0.764717
0.911083
0.950932
0.879606
0.705444
0.448807
0.139699
-0.185741
-0.489466
-0.735967
-0.896424
-0.952079
-0.896424
-0.735967
-0.489466
-0.185741
0.139699
0.448807
0.705444
0.879606
0.950932
0.911083
0.764717
0.528947
0.231336
-0.0933201
-0.407066
-0.673222
-0.860669
-0.947494
-0.923546
-0.791625
-0.567153
-0.276374
0.0467163
0.364345
0.639377
0.839659
0.941774
0.933785
0.816625
0.603993
0.320746
0.334775
0.63041
0.852343
0.974627
0.982966
0.876384
0.667343
0.380281
0.0487596
-0.288462
-0.591959
-0.826249
-0.963941
-0.988936
-0.898314
-0.702667
-0.424871
-0.0974017
0.241455
0.552082
0.798165
0.950932
0.992525
0.918079
0.736299
0.468437
0.145809
-0.193865
-0.510875
-0.768157
-0.935633
-0.993722
-0.935633
-0.768157
-0.510875
-0.193865
0.145809
0.468437
0.736299
0.918079
0.992525
0.950932
0.798165
0.552082
0.241455
-0.0974017
-0.424871
-0.702667
-0.898314
-0.988936
-0.963941
-0.826249
-0.591959
-0.288462
0.0487596
0.380281
0.667343
0.876384
0.982966
0.974627
0.852343
0.63041
0.334775
0.309664
0.583126
0.788412
0.901524
0.909237
0.81065
0.617288
0.351757
0.0451023
-0.266826
-0.547559
-0.764275
-0.891639
-0.91476
-0.830934
-0.649963
-0.393003
-0.090096
0.223344
0.510672
0.738297
0.879606
0.918079
0.849217
0.681072
0.433301
0.134873
-0.179324
-0.472556
-0.710541
-0.865454
-0.919186
-0.865454
-0.710541
-0.472556
-0.179324
0.134873
0.433301
0.681072
0.849217
0.918079
0.879606
0.738297
0.510672
0.223344
-0.090096
-0.393003
-0.649963
-0.830934
-0.91476
-0.891639
-0.764275
-0.547559
-0.266826
0.0451023
0.351757
0.617288
0.81065
0.909237
0.901524
0.788412
0.583126
0.309664
0.248351
0.467667
0.632306
0.723022
0.729208
0.650141
0.495065
0.282109
0.0361721
-0.213994
-0.439142
-0.612949
-0.715094
-0.733637
-0.666409
-0.52127
-0.315188
-0.072257
0.179122
0.409559
0.592114
0.705444
0.736299
0.681072
0.54622
0.347508
0.108168
-0.143818
-0.37899
-0.569853
-0.694094
-0.737187
-0.694094
-0.569853
-0.37899
-0.143818
0.108168
0.347508
0.54622
0.681072
0.736299
0.705444
0.592114
0.409559
0.179122
-0.072257
-0.315188
-0.52127
-0.666409
-0.733637
-0.715094
-0.612949
-0.439142
-0.213994
0.0361721
0.282109
0.495065
0.650141
0.729208
0.723022
0.632306
0.467667
0.248351
0.158002
0.297532
0.402276
0.45999
0.463926
0.413623
0.314963
0.179479
0.0230128
-0.136144
-0.279384
-0.389961
-0.454947
-0.466744
-0.423973
-0.331635
-0.200524
-0.0459702
0.113958
0.260564
0.376706
0.448807
0.468437
0.433301
0.347508
0.221086
0.0688169
-0.0914978
-0.241115
-0.362543
-0.441586
-0.469002
-0.441586
-0.362543
-0.241115
-0.0914978
0.0688169
0.221086
0.347508
0.433301
0.468437
0.448807
0.376706
0.260564
0.113958
-0.0459702
-0.200524
-0.331635
-0.423973
-0.466744
-0.454947
-0.389961
-0.279384
-0.136144
0.0230128
0.179479
0.314963
0.413623
0.463926
0.45999
0.402276
0.297532
0.158002
0.0491809
0.092612
0.125216
0.14318
0.144405
0.128747
0.0980376
0.0558661
0.00716315
-0.0423772
-0.0869632
-0.121382
-0.14161
-0.145282
-0.131969
-0.103227
-0.0624167
-0.014309
0.0354715
0.081105
0.117256
0.139699
0.145809
0.134873
0.108168
0.0688169
0.0214205
-0.0284803
-0.0750513
-0.112848
-0.137451
-0.145985
-0.137451
-0.112848
-0.0750513
-0.0284803
0.0214205
0.0688169
0.108168
0.134873
0.145809
0.139699
0.117256
0.081105
0.0354715
-0.014309
-0.0624167
-0.103227
-0.131969
-0.145282
-0.14161
-0.121382
-0.0869632
-0.0423772
0.00716315
0.0558661
0.0980376
0.128747
0.144405
0.14318
0.125216
0.092612
0.0491809
-0.0653901
-0.123135
-0.166484
-0.19037
-0.191998
-0.17118
-0.130349
-0.0742786
-0.009524
0.056344
0.115625
0.161388
0.188282
0.193165
0.175464
0.137249
0.0829881
0.0190251
-0.0471623
-0.107836
-0.155902
-0.185741
-0.193865
-0.179324
-0.143818
-0.0914978
-0.0284803
0.0378669
0.099787
0.150041
0.182753
0.194099
0.182753
0.150041
0.099787
0.0378669
-0.0284803
-0.0914978
-0.143818
-0.179324
-0.193865
-0.185741
-0.155902
-0.107836
-0.0471623
0.0190251
0.0829881
0.137249
0.175464
0.193165
0.188282
0.161388
0.115625
0.056344
-0.009524
-0.0742786
-0.130349
-0.17118
-0.191998
-0.19037
-0.166484
-0.123135
-0.0653901
-0.172316
-0.324486
-0.438721
-0.501663
-0.505955
-0.451095
-0.343496
-0.195739
-0.0250977
0.148478
0.304695
0.425289
0.496162
0.509028
0.462382
0.361679
0.218691
0.0501349
-0.124282
-0.284169
-0.410833
-0.489466
-0.510875
-0.472556
-0.37899
-0.241115
-0.0750513
0.099787
0.262959
0.395388
0.481591
0.511491
0.481591
0.395388
0.262959
0.099787
-0.0750513
-0.241115
-0.37899
-0.472556
-0.510875
-0.489466
-0.410833
-0.284169
-0.124282
0.0501349
0.218691
0.361679
0.462382
0.509028
0.496162
0.425289
0.304695
0.148478
-0.0250977
-0.195739
-0.343496
-0.451095
-0.505955
-0.501663
-0.438721
-0.324486
-0.172316
-0.259096
-0.487901
-0.659665
-0.754306
-0.760759
-0.678271
-0.516485
-0.294316
-0.0377371
0.223253
0.458143
0.63947
0.746035
0.76538
0.695243
0.543824
0.328826
0.0753834
-0.186872
-0.42728
-0.617734
-0.735967
-0.768157
-0.710541
-0.569853
-0.362543
-0.112848
0.150041
0.395388
0.59451
0.724126
0.769084
0.724126
0.59451
0.395388
0.150041
-0.112848
-0.362543
-0.569853
-0.710541
-0.768157
-0.735967
-0.617734
-0.42728
-0.186872
0.0753834
0.328826
0.543824
0.695243
0.76538
0.746035
0.63947
0.458143
0.223253
-0.0377371
-0.294316
-0.516485
-0.678271
-0.760759
-0.754306
-0.659665
-0.487901
-0.259096
-0.315585
-0.594275
-0.803487
-0.918761
-0.926622
-0.826149
-0.62909
-0.358483
-0.0459647
0.271927
0.558028
0.778888
0.908687
0.93225
0.846822
0.66239
0.400517
0.0918186
-0.227614
-0.520437
-0.752413
-0.896424
-0.935633
-0.865454
-0.694094
-0.441586
-0.137451
0.182753
0.481591
0.724126
0.882002
0.936761
0.882002
0.724126
0.481591
0.182753
-0.137451
-0.441586
-0.694094
-0.865454
-0.935633
-0.896424
-0.752413
-0.520437
-0.227614
0.0918186
0.400517
0.66239
0.846822
0.93225
0.908687
0.778888
0.558028
0.271927
-0.0459647
-0.358483
-0.62909
-0.826149
-0.926622
-0.918761
-0.803487
-0.594275
-0.315585
-0.335178
-0.631171
-0.853371
-0.975803
-0.984151
-0.877441
-0.668147
-0.380739
-0.0488184
0.28881
0.592673
0.827246
0.965103
0.990129
0.899397
0.703515
0.425383
0.0975192
-0.241746
-0.552748
-0.799127
-0.952079
-0.993722
-0.919186
-0.737187
-0.469002
-0.145985
0.194099
0.511491
0.769084
0.936761
0.99492
0.936761
0.769084
0.511491
0.194099
-0.145985
-0.469002
-0.737187
-0.919186
-0.993722
-0.952079
-0.799127
-0.552748
-0.241746
0.0975192
0.425383
0.703515
0.899397
0.990129
0.965103
0.827246
0.592673
0.28881
-0.0488184
-0.380739
-0.668147
-0.877441
-0.984151
-0.975803
-0.853371
-0.631171
-0.335178
-0.315585
-0.594275
-0.803487
-0.918761
-0.926622
-0.826149
-0.62909
-0.358483
-0.0459647
0.271927
0.558028
0.778888
0.908687
0.93225
0.846822
0.66239
0.400517
0.0918186
-0.227614
-0.520437
-0.752413
-0.896424
-0.935633
-0.865454
-0.694094
-0.441586
-0.137451
0.182753
0.481591
0.724126
0.882002
0.936761
0.882002
0.724126
0.481591
0.182753
-0.137451
-0.441586
-0.694094
-0.865454
-0.935633
-0.896424
-0.752413
-0.520437
-0.227614
0.0918186
0.400517
0.66239
0.846822
0.93225
0.908687
0.778888
0.558028
0.271927
-0.0459647
-0.358483
-0.62909
-0.826149
-0.926622
-0.918761
-0.803487
-0.594275
-0.315585
-0.259096
-0.487901
-0.659665
-0.754306
-0.760759
-0.678271
-0.516485
-0.294316
-0.0377371
0.223253
0.458143
0.63947
0.746035
0.76538
0.695243
0.543824
0.328826
0.0753834
-0.186872
-0.42728
-0.617734
-0.735967
-0.768157
-0.710541
-0.569853
-0.362543
-0.112848
0.150041
0.395388
0.59451
0.724126
0.769084
0.724126
0.59451
0.395388
0.150041
-0.112848
-0.362543
-0.569853
-0.710541
-0.768157
-0.735967
-0.617734
-0.42728
-0.186872
0.0753834
0.328826
0.543824
0.695243
0.76538
0.746035
0.63947
0.458143
0.223253
-0.0377371
-0.294316
-0.516485
-0.678271
-0.760759
-0.754306
-0.659665
-0.487901
-0.259096
-0.172316
-0.324486
-0.438721
-0.501663
-0.505955
-0.451095
-0.343496
-0.195739
-0.0250977
0.148478
0.304695
0.425289
0.496162
0.509028
0.462382
0.361679
0.218691
0.0501349
-0.124282
-0.284169
-0.410833
-0.489466
-0.510875
-0.472556
-0.37899
-0.241115
-0.0750513
0.099787
0.262959
0.395388
0.481591
0.511491
0.481591
0.395388
0.262959
0.099787
-0.0750513
-0.241115
-0.37899
-0.472556
-0.510875
-0.489466
-0.410833
-0.284169
-0.124282
0.0501349
0.218691
0.361679
0.462382
0.509028
0.496162
0.425289
0.304695
0.148478
-0.0250977
-0.195739
-0.343496
-0.451095
-0.505955
-0.501663
-0.438721
-0.324486
-0.172316
-0.0653901
-0.123135
-0.166484
-0.19037
-0.191998
-0.17118
-0.130349
-0.0742786
-0.009524
0.056344
0.115625
0.161388
0.188282
0.193165
0.175464
0.137249
0.0829881
0.0190251
-0.0471623
-0.107836
-0.155902
-0.185741
-0.193865
-0.179324
-0.143818
-0.0914978
-0.0284803
0.0378669
0.099787
0.150041
0.182753
0.194099
0.182753
0.150041
0.099787
0.0378669
-0.0284803
-0.0914978
-0.143818
-0.179324
-0.193865
-0.185741
-0.155902
-0.107836
-0.0471623
0.0190251
0.0829881
0.137249
0.175464
0.193165
0.188282
0.161388
0.115625
0.056344
-0.009524
-0.0742786
-0.130349
-0.17118
-0.191998
-0.19037
-0.166484
-0.123135
-0.0653901
0.0491809
0.092612
0.125216
0.14318
0.144405
0.128747
0.0980376
0.0558661
0.00716315
-0.0423772
-0.0869632
-0.121382
-0.14161
-0.145282
-0.131969
-0.103227
-0.0624167
-0.014309
0.0354715
0.081105
0.117256
0.139699
0.145809
0.134873
0.108168
0.0688169
0.0214205
-0.0284803
-0.0750513
-0.112848
-0.137451
-0.145985
-0.137451
-0.112848
-0.0750513
-0.0284803
0.0214205
0.0688169
0.108168
0.134873
0.145809
0.139699
0.117256
0.081105
0.0354715
-0.014309
-0.0624167
-0.103227
-0.131969
-0.145282
-0.14161
-0.121382
-0.0869632
-0.0423772
0.00716315
0.0558661
0.0980376
0.128747
0.144405
0.14318
0.125216
0.092612
0.0491809
0.158002
0.297532
0.402276
0.45999
0.463926
0.413623
0.314963
0.179479
0.0230128
-0.136144
-0.279384
-0.389961
-0.454947
-0.466744
-0.423973
-0.331635
-0.200524
-0.0459702
0.113958
0.260564
0.376706
0.448807
0.468437
0.433301
0.347508
0.221086
0.0688169
-0.0914978
-0.241115
-0.362543
-0.441586
-0.469002
-0.441586
-0.362543
-0.241115
-0.0914978
0.0688169
0.221086
0.347508
0.433301
0.468437
0.448807
0.376706
0.260564
0.113958
-0.0459702
-0.200524
-0.331635
-0.423973
-0.466744
-0.454947
-0.389961
-0.279384
-0.136144
0.0230128
0.179479
0.314963
0.413623
0.463926
0.45999
0.402276
0.297532
0.158002
0.248351
0.467667
0.632306
0.723022
0.729208
0.650141
0.495065
0.282109
0.0361721
-0.213994
-0.439142
-0.612949
-0.715094
-0.733637
-0.666409
-0.52127
-0.315188
-0.072257
0.179122
0.409559
0.592114
0.705444
0.736299
0.681072
0.54622
0.347508
0.108168
-0.143818
-0.37899
-0.569853
-0.694094
-0.737187
-0.694094
-0.569853
-0.37899
-0.143818
0.108168
0.347508
0.54622
0.681072
0.736299
0.705444
0.592114
0.409559
0.179122
-0.072257
-0.315188
-0.52127
-0.666409
-0.733637
-0.715094
-0.612949
-0.439142
-0.213994
0.0361721
0.282109
0.495065
0.650141
0.729208
0.723022
0.632306
0.467667
0.248351
0.309664
0.583126
0.788412
0.901524
0.909237
0.81065
0.617288
0.351757
0.0451023
-0.266826
-0.547559
-0.764275
-0.891639
-0.91476
-0.830934
-0.649963
-0.393003
-0.090096
0.223344
0.510672
0.738297
0.879606
0.918079
0.849217
0.681072
0.433301
0.134873
-0.179324
-0.472556
-0.710541
-0.865454
-0.919186
-0.865454
-0.710541
-0.472556
-0.179324
0.134873
0.433301
0.681072
0.849217
0.918079
0.879606
0.738297
0.510672
0.223344
-0.090096
-0.393003
-0.649963
-0.830934
-0.91476
-0.891639
-0.764275
-0.547559
-0.266826
0.0451023
0.351757
0.617288
0.81065
0.909237
0.901524
0.788412
0.583126
0.309664
0.334775
0.63041
0.852343
0.974627
0.982966
0.876384
0.667343
0.380281
0.0487596
-0.288462
-0.591959
-0.826249
-0.963941
-0.988936
-0.898314
-0.702667
-0.424871
-0.0974017
0.241455
0.552082
0.798165
0.950932
0.992525
0.918079
0.736299
0.468437
0.145809
-0.193865
-0.510875
-0.768157
-0.935633
-0.993722
-0.935633
-0.768157
-0.510875
-0.193865
0.145809
0.468437
0.736299
0.918079
0.992525
0.950932
0.798165
0.552082
0.241455
-0.0974017
-0.424871
-0.702667
-0.898314
-0.988936
-0.963941
-0.826249
-0.591959
-0.288462
0.0487596
0.380281
0.667343
0.876384
0.982966
0.974627
0.852343
0.63041
0.334775
0.320746
0.603993
0.816625
0.933785
0.941774
0.839659
0.639377
0.364345
0.0467163
-0.276374
-0.567153
-0.791625
-0.923546
-0.947494
-0.860669
-0.673222
-0.407066
-0.0933201
0.231336
0.528947
0.764717
0.911083
0.950932
0.879606
0.705444
0.448807
0.139699
-0.185741
-0.489466
-0.735967
-0.896424
-0.952079
-0.896424
-0.735967
-0.489466
-0.185741
0.139699
0.448807
0.705444
0.879606
0.950932
0.911083
0.764717
0.528947
0.231336
-0.0933201
-0.407066
-0.673222
-0.860669
-0.947494
-0.923546
-0.791625
-0.567153
-0.276374
0.0467163
0.364345
0.639377
0.839659
0.941774
0.933785
0.816625
0.603993
0.320746
0.269218
0.506961
0.685434
0.783772
0.790478
0.704767
0.536661
0.305813
0.0392113
-0.231974
-0.47604
-0.66445
-0.775178
-0.795279
-0.722402
-0.565068
-0.341671
-0.0783282
0.194172
0.443971
0.641865
0.764717
0.798165
0.738297
0.592114
0.376706
0.117256
-0.155902
-0.410833
-0.617734
-0.752413
-0.799127
-0.752413
-0.617734
-0.410833
-0.155902
0.117256
0.376706
0.592114
0.738297
0.798165
0.764717
0.641865
0.443971
0.194172
-0.0783282
-0.341671
-0.565068
-0.722402
-0.795279
-0.775178
-0.66445
-0.47604
-0.231974
0.0392113
0.305813
0.536661
0.704767
0.790478
0.783772
0.685434
0.506961
0.269218
0.186215
0.35066
0.474108
0.542127
0.546765
0.48748
0.371203
0.211527
0.0271221
-0.160454
-0.329272
-0.459593
-0.536183
-0.550086
-0.499678
-0.390852
-0.23633
-0.0541788
0.134307
0.30709
0.443971
0.528947
0.552082
0.510672
0.409559
0.260564
0.081105
-0.107836
-0.284169
-0.42728
-0.520437
-0.552748
-0.520437
-0.42728
-0.284169
-0.107836
0.081105
0.260564
0.409559
0.510672
0.552082
0.528947
0.443971
0.30709
0.134307
-0.0541788
-0.23633
-0.390852
-0.499678
-0.550086
-0.536183
-0.459593
-0.329272
-0.160454
0.0271221
0.211527
0.371203
0.48748
0.546765
0.542127
0.474108
0.35066
0.186215
0.0814417
0.153362
0.207352
0.237101
0.239129
0.213201
0.162347
0.0925121
0.0118619
-0.0701751
-0.144008
-0.201004
-0.234501
-0.240582
-0.218536
-0.17094
-0.10336
-0.0236952
0.0587394
0.134307
0.194172
0.231336
0.241455
0.223344
0.179122
0.113958
0.0354715
-0.0471623
-0.124282
-0.186872
-0.227614
-0.241746
-0.227614
-0.186872
-0.124282
-0.0471623
0.0354715
0.113958
0.179122
0.223344
0.241455
0.231336
0.194172
0.134307
0.0587394
-0.0236952
-0.10336
-0.17094
-0.218536
-0.240582
-0.234501
-0.201004
-0.144008
-0.0701751
0.0118619
0.0925121
0.162347
0.213201
0.239129
0.237101
0.207352
0.153362
0.0814417
-0.0328532
-0.0618655
-0.083645
-0.0956454
-0.0964637
-0.0860043
-0.0654899
-0.037319
-0.00478504
0.0283083
0.0580921
0.0810843
0.0945967
0.0970496
0.0881563
0.0689565
0.0416948
0.00955855
-0.0236952
-0.0541788
-0.0783282
-0.0933201
-0.0974017
-0.090096
-0.072257
-0.0459702
-0.014309
0.0190251
0.0501349
0.0753834
0.0918186
0.0975192
0.0918186
0.0753834
0.0501349
0.0190251
-0.014309
-0.0459702
-0.072257
-0.090096
-0.0974017
-0.0933201
-0.0783282
-0.0541788
-0.0236952
0.00955855
0.0416948
0.0689565
0.0881563
0.0970496
0.0945967
0.0810843
0.0580921
0.0283083
-0.00478504
-0.037319
-0.0654899
-0.0860043
-0.0964637
-0.0956454
-0.083645
-0.0618655
-0.0328532
-0.143307
-0.26986
-0.364863
-0.417209
-0.420779
-0.375154
-0.28567
-0.162787
-0.0208726
0.123482
0.2534
0.353693
0.412635
0.423335
0.384542
0.300791
0.181875
0.0416948
-0.10336
-0.23633
-0.341671
-0.407066
-0.424871
-0.393003
-0.315188
-0.200524
-0.0624167
0.0829881
0.218691
0.328826
0.400517
0.425383
0.400517
0.328826
0.218691
0.0829881
-0.0624167
-0.200524
-0.315188
-0.393003
-0.424871
-0.407066
-0.341671
-0.23633
-0.10336
0.0416948
0.181875
0.300791
0.384542
0.423335
0.412635
0.353693
0.2534
0.123482
-0.0208726
-0.162787
-0.28567
-0.375154
-0.420779
-0.417209
-0.364863
-0.26986
-0.143307
-0.237007
-0.446305
-0.603425
-0.689997
-0.6959
-0.620445
-0.472452
-0.269223
-0.0345198
0.20422
0.419083
0.584951
0.682431
0.700127
0.63597
0.49746
0.300791
0.0689565
-0.17094
-0.390852
-0.565068
-0.673222
-0.702667
-0.649963
-0.52127
-0.331635
-0.103227
0.137249
0.361679
0.543824
0.66239
0.703515
0.66239
0.543824
0.361679
0.137249
-0.103227
-0.331635
-0.52127
-0.649963
-0.702667
-0.673222
-0.565068
-0.390852
-0.17094
0.0689565
0.300791
0.49746
0.63597
0.700127
0.682431
0.584951
0.419083
0.20422
-0.0345198
-0.269223
-0.472452
-0.620445
-0.6959
-0.689997
-0.603425
-0.446305
-0.237007
-0.302998
-0.570571
-0.771439
-0.882115
-0.889662
-0.793197
-0.603998
-0.344184
-0.0441313
0.261081
0.53577
0.747821
0.872443
0.895066
0.813045
0.63597
0.384542
0.0881563
-0.218536
-0.499678
-0.722402
-0.860669
-0.898314
-0.830934
-0.666409
-0.423973
-0.131969
0.175464
0.462382
0.695243
0.846822
0.899397
0.846822
0.695243
0.462382
0.175464
-0.131969
-0.423973
-0.666409
-0.830934
-0.898314
-0.860669
-0.722402
-0.499678
-0.218536
0.0881563
0.384542
0.63597
0.813045
0.895066
0.872443
0.747821
0.53577
0.261081
-0.0441313
-0.344184
-0.603998
-0.793197
-0.889662
-0.882115
-0.771439
-0.570571
-0.302998
-0.333564
-0.628131
-0.849262
-0.971104
-0.979412
-0.873216
-0.66493
-0.378906
-0.0485833
0.287419
0.589819
0.823262
0.960456
0.985361
0.895066
0.700127
0.423335
0.0970496
-0.240582
-0.550086
-0.795279
-0.947494
-0.988936
-0.91476
-0.733637
-0.466744
-0.145282
0.193165
0.509028
0.76538
0.93225
0.990129
0.93225
0.76538
0.509028
0.193165
-0.145282
-0.466744
-0.733637
-0.91476
-0.988936
-0.947494
-0.795279
-0.550086
-0.240582
0.0970496
0.423335
0.700127
0.895066
0.985361
0.960456
0.823262
0.589819
0.287419
-0.0485833
-0.378906
-0.66493
-0.873216
-0.979412
-0.971104
-0.849262
-0.628131
-0.333564
-0.325134
-0.612255
-0.827797
-0.946559
-0.954658
-0.851145
-0.648124
-0.369329
-0.0473554
0.280155
0.574911
0.802454
0.93618
0.960456
0.872443
0.682431
0.412635
0.0945967
-0.234501
-0.536183
-0.775178
-0.923546
-0.963941
-0.891639
-0.715094
-0.454947
-0.14161
0.188282
0.496162
0.746035
0.908687
0.965103
0.908687
0.746035
0.496162
0.188282
-0.14161
-0.454947
-0.715094
-0.891639
-0.963941
-0.923546
-0.775178
-0.536183
-0.234501
0.0945967
0.412635
0.682431
0.872443
0.960456
0.93618
0.802454
0.574911
0.280155
-0.0473554
-0.369329
-0.648124
-0.851145
-0.954658
-0.946559
-0.827797
-0.612255
-0.325134
-0.278691
-0.524799
-0.709552
-0.81135
-0.818292
-0.729566
-0.555544
-0.316573
-0.040591
0.240137
0.49279
0.68783
0.802454
0.823262
0.747821
0.584951
0.353693
0.0810843
-0.201004
-0.459593
-0.66445
-0.791625
-0.826249
-0.764275
-0.612949
-0.389961
-0.121382
0.161388
0.425289
0.63947
0.778888
0.827246
0.778888
0.63947
0.425289
0.161388
-0.121382
-0.389961
-0.612949
-0.764275
-0.826249
-0.791625
-0.66445
-0.459593
-0.201004
0.0810843
0.353693
0.584951
0.747821
0.823262
0.802454
0.68783
0.49279
0.240137
-0.040591
-0.316573
-0.555544
-0.729566
-0.818292
-0.81135
-0.709552
-0.524799
-0.278691
-0.199666
-0.375988
-0.508353
-0.581285
-0.586258
-0.522691
-0.398015
-0.226806
-0.0290811
0.172044
0.353055
0.49279
0.574911
0.589819
0.53577
0.419083
0.2534
0.0580921
-0.144008
-0.329272
-0.47604
-0.567153
-0.591959
-0.547559
-0.439142
-0.279384
-0.0869632
0.115625
0.304695
0.458143
0.558028
0.592673
0.558028
0.458143
0.304695
0.115625
-0.0869632
-0.279384
-0.439142
-0.547559
-0.591959
-0.567153
-0.47604
-0.329272
-0.144008
0.0580921
0.2534
0.419083
0.53577
0.589819
0.574911
0.49279
0.353055
0.172044
-0.0290811
-0.226806
-0.398015
-0.522691
-0.586258
-0.581285
-0.508353
-0.375988
-0.199666
-0.0972972
-0.183219
-0.247721
-0.283261
-0.285684
-0.254708
-0.193953
-0.110523
-0.0141712
0.0838371
0.172044
0.240137
0.280155
0.287419
0.261081
0.20422
0.123482
0.0283083
-0.0701751
-0.160454
-0.231974
-0.276374
-0.288462
-0.266826
-0.213994
-0.136144
-0.0423772
0.056344
0.148478
0.223253
0.271927
0.28881
0.271927
0.223253
0.148478
0.056344
-0.0423772
-0.136144
-0.213994
-0.266826
-0.288462
-0.276374
-0.231974
-0.160454
-0.0701751
0.0283083
0.123482
0.20422
0.261081
0.287419
0.280155
0.240137
0.172044
0.0838371
-0.0141712
-0.110523
-0.193953
-0.254708
-0.285684
-0.283261
-0.247721
-0.183219
-0.0972972
0.0164464
0.0309701
0.0418729
0.0478804
0.04829
0.043054
0.0327844
0.018682
0.00239541
-0.0141712
-0.0290811
-0.040591
-0.0473554
-0.0485833
-0.0441313
-0.0345198
-0.0208726
-0.00478504
0.0118619
0.0271221
0.0392113
0.0467163
0.0487596
0.0451023
0.0361721
0.0230128
0.00716315
-0.009524
-0.0250977
-0.0377371
-0.0459647
-0.0488184
-0.0459647
-0.0377371
-0.0250977
-0.009524
0.00716315
0.0230128
0.0361721
0.0451023
0.0487596
0.0467163
0.0392113
0.0271221
0.0118619
-0.00478504
-0.0208726
-0.0345198
-0.0441313
-0.0485833
-0.0473554
-0.040591
-0.0290811
-0.0141712
0.00239541
0.018682
0.0327844
0.043054
0.04829
0.0478804
0.0418729
0.0309701
0.0164464
0.128267
0.241539
0.326571
0.373424
0.376618
0.335782
0.255689
0.145703
0.018682
-0.110523
-0.226806
-0.316573
-0.369329
-0.378906
-0.344184
-0.269223
-0.162787
-0.037319
0.0925121
0.211527
0.305813
0.364345
0.380281
0.351757
0.282109
0.179479
0.0558661
-0.0742786
-0.195739
-0.294316
-0.358483
-0.380739
-0.358483
-0.294316
-0.195739
-0.0742786
0.0558661
0.179479
0.282109
0.351757
0.380281
0.364345
0.305813
0.211527
0.0925121
-0.037319
-0.162787
-0.269223
-0.344184
-0.378906
-0.369329
-0.316573
-0.226806
-0.110523
0.018682
0.145703
0.255689
0.335782
0.376618
0.373424
0.326571
0.241539
0.128267
0.225092
0.423868
0.573089
0.655309
0.660916
0.589253
0.4487
0.255689
0.0327844
-0.193953
-0.398015
-0.555544
-0.648124
-0.66493
-0.603998
-0.472452
-0.28567
-0.0654899
0.162347
0.371203
0.536661
0.639377
0.667343
0.617288
0.495065
0.314963
0.0980376
-0.130349
-0.343496
-0.516485
-0.62909
-0.668147
-0.62909
-0.516485
-0.343496
-0.130349
0.0980376
0.314963
0.495065
0.617288
0.667343
0.639377
0.536661
0.371203
0.162347
-0.0654899
-0.28567
-0.472452
-0.603998
-0.66493
-0.648124
-0.555544
-0.398015
-0.193953
0.0327844
0.255689
0.4487
0.589253
0.660916
0.655309
0.573089
0.423868
0.225092
0.295601
0.556643
0.752606
0.860581
0.867944
0.773834
0.589253
0.335782
0.043054
-0.254708
-0.522691
-0.729566
-0.851145
-0.873216
-0.793197
-0.620445
-0.375154
-0.0860043
0.213201
0.48748
0.704767
0.839659
0.876384
0.81065
0.650141
0.413623
0.128747
-0.17118
-0.451095
-0.678271
-0.826149
-0.877441
-0.826149
-0.678271
-0.451095
-0.17118
0.128747
0.413623
0.650141
0.81065
0.876384
0.839659
0.704767
0.48748
0.213201
-0.0860043
-0.375154
-0.620445
-0.793197
-0.873216
-0.851145
-0.729566
-0.522691
-0.254708
0.043054
0.335782
0.589253
0.773834
0.867944
0.860581
0.752606
0.556643
0.295601
0.331551
0.624339
0.844135
0.965241
0.973499
0.867944
0.660916
0.376618
0.04829
-0.285684
-0.586258
-0.818292
-0.954658
-0.979412
-0.889662
-0.6959
-0.420779
-0.0964637
0.239129
0.546765
0.790478
0.941774
0.982966
0.909237
0.729208
0.463926
0.144405
-0.191998
-0.505955
-0.760759
-0.926622
-0.984151
-0.926622
-0.760759
-0.505955
-0.191998
0.144405
0.463926
0.729208
0.909237
0.982966
0.941774
0.790478
0.546765
0.239129
-0.0964637
-0.420779
-0.6959
-0.889662
-0.979412
-0.954658
-0.818292
-0.586258
-0.285684
0.04829
0.376618
0.660916
0.867944
0.973499
0.965241
0.844135
0.624339
0.331551
0.328738
0.619043
0.836974
0.957053
0.965241
0.860581
0.655309
0.373424
0.0478804
-0.283261
-0.581285
-0.81135
-0.946559
-0.971104
-0.882115
-0.689997
-0.417209
-0.0956454
0.237101
0.542127
0.783772
0.933785
0.974627
0.901524
0.723022
0.45999
0.14318
-0.19037
-0.501663
-0.754306
-0.918761
-0.975803
-0.918761
-0.754306
-0.501663
-0.19037
0.14318
0.45999
0.723022
0.901524
0.974627
0.933785
0.783772
0.542127
0.237101
-0.0956454
-0.417209
-0.689997
-0.882115
-0.971104
-0.946559
-0.81135
-0.581285
-0.283261
0.0478804
0.373424
0.655309
0.860581
0.965241
0.957053
0.836974
0.619043
0.328738
0.287492
0.541373
0.731961
0.836974
0.844135
0.752606
0.573089
0.326571
0.0418729
-0.247721
-0.508353
-0.709552
-0.827797
-0.849262
-0.771439
-0.603425
-0.364863
-0.083645
0.207352
0.474108
0.685434
0.816625
0.852343
0.788412
0.632306
0.402276
0.125216
-0.166484
-0.438721
-0.659665
-0.803487
-0.853371
-0.803487
-0.659665
-0.438721
-0.166484
0.125216
0.402276
0.632306
0.788412
0.852343
0.816625
0.685434
0.474108
0.207352
-0.083645
-0.364863
-0.603425
-0.771439
-0.849262
-0.827797
-0.709552
-0.508353
-0.247721
0.0418729
0.326571
0.573089
0.752606
0.844135
0.836974
0.731961
0.541373
0.287492
0.212635
0.40041
0.541373
0.619043
0.624339
0.556643
0.423868
0.241539
0.0309701
-0.183219
-0.375988
-0.524799
-0.612255
-0.628131
-0.570571
-0.446305
-0.26986
-0.0618655
0.153362
0.35066
0.506961
0.603993
0.63041
0.583126
0.467667
0.297532
0.092612
-0.123135
-0.324486
-0.487901
-0.594275
-0.631171
-0.594275
-0.487901
-0.324486
-0.123135
0.092612
0.297532
0.467667
0.583126
0.63041
0.603993
0.506961
0.35066
0.153362
-0.0618655
-0.26986
-0.446305
-0.570571
-0.628131
-0.612255
-0.524799
-0.375988
-0.183219
0.0309701
0.241539
0.423868
0.556643
0.624339
0.619043
0.541373
0.40041
0.212635
0.112918
0.212635
0.287492
0.328738
0.331551
0.295601
0.225092
0.128267
0.0164464
-0.0972972
-0.199666
-0.278691
-0.325134
-0.333564
-0.302998
-0.237007
-0.143307
-0.0328532
0.0814417
0.186215
0.269218
0.320746
0.334775
0.309664
0.248351
0.158002
0.0491809
-0.0653901
-0.172316
-0.259096
-0.315585
-0.335178
-0.315585
-0.259096
-0.172316
-0.0653901
0.0491809
0.158002
0.248351
0.309664
0.334775
0.320746
0.269218
0.186215
0.0814417
-0.0328532
-0.143307
-0.237007
-0.302998
-0.333564
-0.325134
-0.278691
-0.199666
-0.0972972
0.0164464
0.128267
0.225092
0.295601
0.331551
0.328738
0.287492
0.212635
0.112918
