1,34,2
34,35,2
2,35,3
35,36,3
3,36,4
36,37,4
4,37,5
37,38,5
5,38,6
38,39,6
6,39,7
39,40,7
7,40,8
40,41,8
8,41,9
41,42,9
9,42,10
42,43,10
10,43,11
43,44,11
11,44,12
44,45,12
12,45,13
45,46,13
13,46,14
46,47,14
14,47,15
47,48,15
15,48,16
48,49,16
16,49,17
49,50,17
17,50,18
50,51,18
18,51,19
51,52,19
19,52,20
52,53,20
20,53,21
53,54,21
21,54,22
54,55,22
22,55,23
55,56,23
23,56,24
56,57,24
24,57,25
57,58,25
25,58,26
58,59,26
26,59,27
59,60,27
27,60,28
60,61,28
28,61,29
61,62,29
29,62,30
62,63,30
30,63,31
63,64,31
31,64,32
64,65,32
32,65,33
65,66,33
34,67,35
67,68,35
35,68,36
68,69,36
36,69,37
69,70,37
37,70,38
70,71,38
38,71,39
71,72,39
39,72,40
72,73,40
40,73,41
73,74,41
41,74,42
74,75,42
42,75,43
75,76,43
43,76,44
76,77,44
44,77,45
77,78,45
45,78,46
78,79,46
46,79,47
79,80,47
47,80,48
80,81,48
48,81,49
81,82,49
49,82,50
82,83,50
50,83,51
83,84,51
51,84,52
84,85,52
52,85,53
85,86,53
53,86,54
86,87,54
54,87,55
87,88,55
55,88,56
88,89,56
56,89,57
89,90,57
57,90,58
90,91,58
58,91,59
91,92,59
59,92,60
92,93,60
60,93,61
93,94,61
61,94,62
94,95,62
62,95,63
95,96,63
63,96,64
96,97,64
64,97,65
97,98,65
65,98,66
98,99,66
67,100,68
100,101,68
68,101,69
101,102,69
69,102,70
102,103,70
70,103,71
103,104,71
71,104,72
104,105,72
72,105,73
105,106,73
73,106,74
106,107,74
74,107,75
107,108,75
75,108,76
108,109,76
76,109,77
109,110,77
77,110,78
110,111,78
78,111,79
111,112,79
79,112,80
112,113,80
80,113,81
113,114,81
81,114,82
114,115,82
82,115,83
115,116,83
83,116,84
116,117,84
84,117,85
117,118,85
85,118,86
118,119,86
86,119,87
119,120,87
87,120,88
120,121,88
88,121,89
121,122,89
89,122,90
122,123,90
90,123,91
123,124,91
91,124,92
124,125,92
92,125,93
125,126,93
93,126,94
126,127,94
94,127,95
127,128,95
95,128,96
128,129,96
96,129,97
129,130,97
97,130,98
130,131,98
98,131,99
131,132,99
100,133,101
133,134,101
101,134,102
134,135,102
102,135,103
135,136,103
103,136,104
136,137,104
104,137,105
137,138,105
105,138,106
138,139,106
106,139,107
139,140,107
107,140,108
140,141,108
108,141,109
141,142,109
109,142,110
142,143,110
110,143,111
143,144,111
111,144,112
144,145,112
112,145,113
145,146,113
113,146,114
146,147,114
114,147,115
147,148,115
115,148,116
148,149,116
116,149,117
149,150,117
117,150,118
150,151,118
118,151,119
151,152,119
119,152,120
152,153,120
120,153,121
153,154,121
121,154,122
154,155,122
122,155,123
155,156,123
123,156,124
156,157,124
124,157,125
157,158,125
125,158,126
158,159,126
126,159,127
159,160,127
127,160,128
160,161,128
128,161,129
161,162,129
129,162,130
162,163,130
130,163,131
163,164,131
131,164,132
164,165,132
133,166,134
166,167,134
134,167,135
167,168,135
135,168,136
168,169,136
136,169,137
169,170,137
137,170,138
170,171,138
138,171,139
171,172,139
139,172,140
172,173,140
140,173,141
173,174,141
141,174,142
174,175,142
142,175,143
175,176,143
143,176,144
176,177,144
144,177,145
177,178,145
145,178,146
178,179,146
146,179,147
179,180,147
147,180,148
180,181,148
148,181,149
181,182,149
149,182,150
182,183,150
150,183,151
183,184,151
151,184,152
184,185,152
152,185,153
185,186,153
153,186,154
186,187,154
154,187,155
187,188,155
155,188,156
188,189,156
156,189,157
189,190,157
157,190,158
190,191,158
158,191,159
191,192,159
159,192,160
192,193,160
160,193,161
193,194,161
161,194,162
194,195,162
162,195,163
195,196,163
163,196,164
196,197,164
164,197,165
197,198,165
166,199,167
199,200,167
167,200,168
200,201,168
168,201,169
201,202,169
169,202,170
202,203,170
170,203,171
203,204,171
171,204,172
204,205,172
172,205,173
205,206,173
173,206,174
206,207,174
174,207,175
207,208,175
175,208,176
208,209,176
176,209,177
209,210,177
177,210,178
210,211,178
178,211,179
211,212,179
179,212,180
212,213,180
180,213,181
213,214,181
181,214,182
214,215,182
182,215,183
215,216,183
183,216,184
216,217,184
184,217,185
217,218,185
185,218,186
218,219,186
186,219,187
219,220,187
187,220,188
220,221,188
188,221,189
221,222,189
189,222,190
222,223,190
190,223,191
223,224,191
191,224,192
224,225,192
192,225,193
225,226,193
193,226,194
226,227,194
194,227,195
227,228,195
195,228,196
228,229,196
196,229,197
229,230,197
197,230,198
230,231,198
199,232,200
232,233,200
200,233,201
233,234,201
201,234,202
234,235,202
202,235,203
235,236,203
203,236,204
236,237,204
204,237,205
237,238,205
205,238,206
238,239,206
206,239,207
239,240,207
207,240,208
240,241,208
208,241,209
241,242,209
209,242,210
242,243,210
210,243,211
243,244,211
211,244,212
244,245,212
212,245,213
245,246,213
213,246,214
246,247,214
214,247,215
247,248,215
215,248,216
248,249,216
216,249,217
249,250,217
217,250,218
250,251,218
218,251,219
251,252,219
219,252,220
252,253,220
220,253,221
253,254,221
221,254,222
254,255,222
222,255,223
255,256,223
223,256,224
256,257,224
224,257,225
257,258,225
225,258,226
258,259,226
226,259,227
259,260,227
227,260,228
260,261,228
228,261,229
261,262,229
229,262,230
262,263,230
230,263,231
263,264,231
232,265,233
265,266,233
233,266,234
266,267,234
234,267,235
267,268,235
235,268,236
268,269,236
236,269,237
269,270,237
237,270,238
270,271,238
238,271,239
271,272,239
239,272,240
272,273,240
240,273,241
273,274,241
241,274,242
274,275,242
242,275,243
275,276,243
243,276,244
276,277,244
244,277,245
277,278,245
245,278,246
278,279,246
246,279,247
279,280,247
247,280,248
280,281,248
248,281,249
281,282,249
249,282,250
282,283,250
250,283,251
283,284,251
251,284,252
284,285,252
252,285,253
285,286,253
253,286,254
286,287,254
254,287,255
287,288,255
255,288,256
288,289,256
256,289,257
289,290,257
257,290,258
290,291,258
258,291,259
291,292,259
259,292,260
292,293,260
260,293,261
293,294,261
261,294,262
294,295,262
262,295,263
295,296,263
263,296,264
296,297,264
265,298,266
298,299,266
266,299,267
299,300,267
267,300,268
300,301,268
268,301,269
301,302,269
269,302,270
302,303,270
270,303,271
303,304,271
271,304,272
304,305,272
272,305,273
305,306,273
273,306,274
306,307,274
274,307,275
307,308,275
275,308,276
308,309,276
276,309,277
309,310,277
277,310,278
310,311,278
278,311,279
311,312,279
279,312,280
312,313,280
280,313,281
313,314,281
281,314,282
314,315,282
282,315,283
315,316,283
283,316,284
316,317,284
284,317,285
317,318,285
285,318,286
318,319,286
286,319,287
319,320,287
287,320,288
320,321,288
288,321,289
321,322,289
289,322,290
322,323,290
290,323,291
323,324,291
291,324,292
324,325,292
292,325,293
325,326,293
293,326,294
326,327,294
294,327,295
327,328,295
295,328,296
328,329,296
296,329,297
329,330,297
298,331,299
331,332,299
299,332,300
332,333,300
300,333,301
333,334,301
301,334,302
334,335,302
302,335,303
335,336,303
303,336,304
336,337,304
304,337,305
337,338,305
305,338,306
338,339,306
306,339,307
339,340,307
307,340,308
340,341,308
308,341,309
341,342,309
309,342,310
342,343,310
310,343,311
343,344,311
311,344,312
344,345,312
312,345,313
345,346,313
313,346,314
346,347,314
314,347,315
347,348,315
315,348,316
348,349,316
316,349,317
349,350,317
317,350,318
350,351,318
318,351,319
351,352,319
319,352,320
352,353,320
320,353,321
353,354,321
321,354,322
354,355,322
322,355,323
355,356,323
323,356,324
356,357,324
324,357,325
357,358,325
325,358,326
358,359,326
326,359,327
359,360,327
327,360,328
360,361,328
328,361,329
361,362,329
329,362,330
362,363,330
331,364,332
364,365,332
332,365,333
365,366,333
333,366,334
366,367,334
334,367,335
367,368,335
335,368,336
368,369,336
336,369,337
369,370,337
337,370,338
370,371,338
338,371,339
371,372,339
339,372,340
372,373,340
340,373,341
373,374,341
341,374,342
374,375,342
342,375,343
375,376,343
343,376,344
376,377,344
344,377,345
377,378,345
345,378,346
378,379,346
346,379,347
379,380,347
347,380,348
380,381,348
348,381,349
381,382,349
349,382,350
382,383,350
350,383,351
383,384,351
351,384,352
384,385,352
352,385,353
385,386,353
353,386,354
386,387,354
354,387,355
387,388,355
355,388,356
388,389,356
356,389,357
389,390,357
357,390,358
390,391,358
358,391,359
391,392,359
359,392,360
392,393,360
360,393,361
393,394,361
361,394,362
394,395,362
362,395,363
395,396,363
364,397,365
397,398,365
365,398,366
398,399,366
366,399,367
399,400,367
367,400,368
400,401,368
368,401,369
401,402,369
369,402,370
402,403,370
370,403,371
403,404,371
371,404,372
404,405,372
372,405,373
405,406,373
373,406,374
406,407,374
374,407,375
407,408,375
375,408,376
408,409,376
376,409,377
409,410,377
377,410,378
410,411,378
378,411,379
411,412,379
379,412,380
412,413,380
380,413,381
413,414,381
381,414,382
414,415,382
382,415,383
415,416,383
383,416,384
416,417,384
384,417,385
417,418,385
385,418,386
418,419,386
386,419,387
419,420,387
387,420,388
420,421,388
388,421,389
421,422,389
389,422,390
422,423,390
390,423,391
423,424,391
391,424,392
424,425,392
392,425,393
425,426,393
393,426,394
426,427,394
394,427,395
427,428,395
395,428,396
428,429,396
397,430,398
430,431,398
398,431,399
431,432,399
399,432,400
432,433,400
400,433,401
433,434,401
401,434,402
434,435,402
402,435,403
435,436,403
403,436,404
436,437,404
404,437,405
437,438,405
405,438,406
438,439,406
406,439,407
439,440,407
407,440,408
440,441,408
408,441,409
441,442,409
409,442,410
442,443,410
410,443,411
443,444,411
411,444,412
444,445,412
412,445,413
445,446,413
413,446,414
446,447,414
414,447,415
447,448,415
415,448,416
448,449,416
416,449,417
449,450,417
417,450,418
450,451,418
418,451,419
451,452,419
419,452,420
452,453,420
420,453,421
453,454,421
421,454,422
454,455,422
422,455,423
455,456,423
423,456,424
456,457,424
424,457,425
457,458,425
425,458,426
458,459,426
426,459,427
459,460,427
427,460,428
460,461,428
428,461,429
461,462,429
430,463,431
463,464,431
431,464,432
464,465,432
432,465,433
465,466,433
433,466,434
466,467,434
434,467,435
467,468,435
435,468,436
468,469,436
436,469,437
469,470,437
437,470,438
470,471,438
438,471,439
471,472,439
439,472,440
472,473,440
440,473,441
473,474,441
441,474,442
474,475,442
442,475,443
475,476,443
443,476,444
476,477,444
444,477,445
477,478,445
445,478,446
478,479,446
446,479,447
479,480,447
447,480,448
480,481,448
448,481,449
481,482,449
449,482,450
482,483,450
450,483,451
483,484,451
451,484,452
484,485,452
452,485,453
485,486,453
453,486,454
486,487,454
454,487,455
487,488,455
455,488,456
488,489,456
456,489,457
489,490,457
457,490,458
490,491,458
458,491,459
491,492,459
459,492,460
492,493,460
460,493,461
493,494,461
461,494,462
494,495,462
463,496,464
496,497,464
464,497,465
497,498,465
465,498,466
498,499,466
466,499,467
499,500,467
467,500,468
500,501,468
468,501,469
501,502,469
469,502,470
502,503,470
470,503,471
503,504,471
471,504,472
504,505,472
472,505,473
505,506,473
473,506,474
506,507,474
474,507,475
507,508,475
475,508,476
508,509,476
476,509,477
509,510,477
477,510,478
510,511,478
478,511,479
511,512,479
479,512,480
512,513,480
480,513,481
513,514,481
481,514,482
514,515,482
482,515,483
515,516,483
483,516,484
516,517,484
484,517,485
517,518,485
485,518,486
518,519,486
486,519,487
519,520,487
487,520,488
520,521,488
488,521,489
521,522,489
489,522,490
522,523,490
490,523,491
523,524,491
491,524,492
524,525,492
492,525,493
525,526,493
493,526,494
526,527,494
494,527,495
527,528,495
496,529,497
529,530,497
497,530,498
530,531,498
498,531,499
531,532,499
499,532,500
532,533,500
500,533,501
533,534,501
501,534,502
534,535,502
502,535,503
535,536,503
503,536,504
536,537,504
504,537,505
537,538,505
505,538,506
538,539,506
506,539,507
539,540,507
507,540,508
540,541,508
508,541,509
541,542,509
509,542,510
542,543,510
510,543,511
543,544,511
511,544,512
544,545,512
512,545,513
545,546,513
513,546,514
546,547,514
514,547,515
547,548,515
515,548,516
548,549,516
516,549,517
549,550,517
517,550,518
550,551,518
518,551,519
551,552,519
519,552,520
552,553,520
520,553,521
553,554,521
521,554,522
554,555,522
522,555,523
555,556,523
523,556,524
556,557,524
524,557,525
557,558,525
525,558,526
558,559,526
526,559,527
559,560,527
527,560,528
560,561,528
529,562,530
562,563,530
530,563,531
563,564,531
531,564,532
564,565,532
532,565,533
565,566,533
533,566,534
566,567,534
534,567,535
567,568,535
535,568,536
568,569,536
536,569,537
569,570,537
537,570,538
570,571,538
538,571,539
571,572,539
539,572,540
572,573,540
540,573,541
573,574,541
541,574,542
574,575,542
542,575,543
575,576,543
543,576,544
576,577,544
544,577,545
577,578,545
545,578,546
578,579,546
546,579,547
579,580,547
547,580,548
580,581,548
548,581,549
581,582,549
549,582,550
582,583,550
550,583,551
583,584,551
551,584,552
584,585,552
552,585,553
585,586,553
553,586,554
586,587,554
554,587,555
587,588,555
555,588,556
588,589,556
556,589,557
589,590,557
557,590,558
590,591,558
558,591,559
591,592,559
559,592,560
592,593,560
560,593,561
593,594,561
562,595,563
595,596,563
563,596,564
596,597,564
564,597,565
597,598,565
565,598,566
598,599,566
566,599,567
599,600,567
567,600,568
600,601,568
568,601,569
601,602,569
569,602,570
602,603,570
570,603,571
603,604,571
571,604,572
604,605,572
572,605,573
605,606,573
573,606,574
606,607,574
574,607,575
607,608,575
575,608,576
608,609,576
576,609,577
609,610,577
577,610,578
610,611,578
578,611,579
611,612,579
579,612,580
612,613,580
580,613,581
613,614,581
581,614,582
614,615,582
582,615,583
615,616,583
583,616,584
616,617,584
584,617,585
617,618,585
585,618,586
618,619,586
586,619,587
619,620,587
587,620,588
620,621,588
588,621,589
621,622,589
589,622,590
622,623,590
590,623,591
623,624,591
591,624,592
624,625,592
592,625,593
625,626,593
593,626,594
626,627,594
595,628,596
628,629,596
596,629,597
629,630,597
597,630,598
630,631,598
598,631,599
631,632,599
599,632,600
632,633,600
600,633,601
633,634,601
601,634,602
634,635,602
602,635,603
635,636,603
603,636,604
636,637,604
604,637,605
637,638,605
605,638,606
638,639,606
606,639,607
639,640,607
607,640,608
640,641,608
608,641,609
641,642,609
609,642,610
642,643,610
610,643,611
643,644,611
611,644,612
644,645,612
612,645,613
645,646,613
613,646,614
646,647,614
614,647,615
647,648,615
615,648,616
648,649,616
616,649,617
649,650,617
617,650,618
650,651,618
618,651,619
651,652,619
619,652,620
652,653,620
620,653,621
653,654,621
621,654,622
654,655,622
622,655,623
655,656,623
623,656,624
656,657,624
624,657,625
657,658,625
625,658,626
658,659,626
626,659,627
659,660,627
628,661,629
661,662,629
629,662,630
662,663,630
630,663,631
663,664,631
631,664,632
664,665,632
632,665,633
665,666,633
633,666,634
666,667,634
634,667,635
667,668,635
635,668,636
668,669,636
636,669,637
669,670,637
637,670,638
670,671,638
638,671,639
671,672,639
639,672,640
672,673,640
640,673,641
673,674,641
641,674,642
674,675,642
642,675,643
675,676,643
643,676,644
676,677,644
644,677,645
677,678,645
645,678,646
678,679,646
646,679,647
679,680,647
647,680,648
680,681,648
648,681,649
681,682,649
649,682,650
682,683,650
650,683,651
683,684,651
651,684,652
684,685,652
652,685,653
685,686,653
653,686,654
686,687,654
654,687,655
687,688,655
655,688,656
688,689,656
656,689,657
689,690,657
657,690,658
690,691,658
658,691,659
691,692,659
659,692,660
692,693,660
661,694,662
694,695,662
662,695,663
695,696,663
663,696,664
696,697,664
664,697,665
697,698,665
665,698,666
698,699,666
666,699,667
699,700,667
667,700,668
700,701,668
668,701,669
701,702,669
669,702,670
702,703,670
670,703,671
703,704,671
671,704,672
704,705,672
672,705,673
705,706,673
673,706,674
706,707,674
674,707,675
707,708,675
675,708,676
708,709,676
676,709,677
709,710,677
677,710,678
710,711,678
678,711,679
711,712,679
679,712,680
712,713,680
680,713,681
713,714,681
681,714,682
714,715,682
682,715,683
715,716,683
683,716,684
716,717,684
684,717,685
717,718,685
685,718,686
718,719,686
686,719,687
719,720,687
687,720,688
720,721,688
688,721,689
721,722,689
689,722,690
722,723,690
690,723,691
723,724,691
691,724,692
724,725,692
692,725,693
725,726,693
694,727,695
727,728,695
695,728,696
728,729,696
696,729,697
729,730,697
697,730,698
730,731,698
698,731,699
731,732,699
699,732,700
732,733,700
700,733,701
733,734,701
701,734,702
734,735,702
702,735,703
735,736,703
703,736,704
736,737,704
704,737,705
737,738,705
705,738,706
738,739,706
706,739,707
739,740,707
707,740,708
740,741,708
708,741,709
741,742,709
709,742,710
742,743,710
710,743,711
743,744,711
711,744,712
744,745,712
712,745,713
745,746,713
713,746,714
746,747,714
714,747,715
747,748,715
715,748,716
748,749,716
716,749,717
749,750,717
717,750,718
750,751,718
718,751,719
751,752,719
719,752,720
752,753,720
720,753,721
753,754,721
721,754,722
754,755,722
722,755,723
755,756,723
723,756,724
756,757,724
724,757,725
757,758,725
725,758,726
758,759,726
727,760,728
760,761,728
728,761,729
761,762,729
729,762,730
762,763,730
730,763,731
763,764,731
731,764,732
764,765,732
732,765,733
765,766,733
733,766,734
766,767,734
734,767,735
767,768,735
735,768,736
768,769,736
736,769,737
769,770,737
737,770,738
770,771,738
738,771,739
771,772,739
739,772,740
772,773,740
740,773,741
773,774,741
741,774,742
774,775,742
742,775,743
775,776,743
743,776,744
776,777,744
744,777,745
777,778,745
745,778,746
778,779,746
746,779,747
779,780,747
747,780,748
780,781,748
748,781,749
781,782,749
749,782,750
782,783,750
750,783,751
783,784,751
751,784,752
784,785,752
752,785,753
785,786,753
753,786,754
786,787,754
754,787,755
787,788,755
755,788,756
788,789,756
756,789,757
789,790,757
757,790,758
790,791,758
758,791,759
791,792,759
760,793,761
793,794,761
761,794,762
794,795,762
762,795,763
795,796,763
763,796,764
796,797,764
764,797,765
797,798,765
765,798,766
798,799,766
766,799,767
799,800,767
767,800,768
800,801,768
768,801,769
801,802,769
769,802,770
802,803,770
770,803,771
803,804,771
771,804,772
804,805,772
772,805,773
805,806,773
773,806,774
806,807,774
774,807,775
807,808,775
775,808,776
808,809,776
776,809,777
809,810,777
777,810,778
810,811,778
778,811,779
811,812,779
779,812,780
812,813,780
780,813,781
813,814,781
781,814,782
814,815,782
782,815,783
815,816,783
783,816,784
816,817,784
784,817,785
817,818,785
785,818,786
818,819,786
786,819,787
819,820,787
787,820,788
820,821,788
788,821,789
821,822,789
789,822,790
822,823,790
790,823,791
823,824,791
791,824,792
824,825,792
793,826,794
826,827,794
794,827,795
827,828,795
795,828,796
828,829,796
796,829,797
829,830,797
797,830,798
830,831,798
798,831,799
831,832,799
799,832,800
832,833,800
800,833,801
833,834,801
801,834,802
834,835,802
802,835,803
835,836,803
803,836,804
836,837,804
804,837,805
837,838,805
805,838,806
838,839,806
806,839,807
839,840,807
807,840,808
840,841,808
808,841,809
841,842,809
809,842,810
842,843,810
810,843,811
843,844,811
811,844,812
844,845,812
812,845,813
845,846,813
813,846,814
846,847,814
814,847,815
847,848,815
815,848,816
848,849,816
816,849,817
849,850,817
817,850,818
850,851,818
818,851,819
851,852,819
819,852,820
852,853,820
820,853,821
853,854,821
821,854,822
854,855,822
822,855,823
855,856,823
823,856,824
856,857,824
824,857,825
857,858,825
826,859,827
859,860,827
827,860,828
860,861,828
828,861,829
861,862,829
829,862,830
862,863,830
830,863,831
863,864,831
831,864,832
864,865,832
832,865,833
865,866,833
833,866,834
866,867,834
834,867,835
867,868,835
835,868,836
868,869,836
836,869,837
869,870,837
837,870,838
870,871,838
838,871,839
871,872,839
839,872,840
872,873,840
840,873,841
873,874,841
841,874,842
874,875,842
842,875,843
875,876,843
843,876,844
876,877,844
844,877,845
877,878,845
845,878,846
878,879,846
846,879,847
879,880,847
847,880,848
880,881,848
848,881,849
881,882,849
849,882,850
882,883,850
850,883,851
883,884,851
851,884,852
884,885,852
852,885,853
885,886,853
853,886,854
886,887,854
854,887,855
887,888,855
855,888,856
888,889,856
856,889,857
889,890,857
857,890,858
890,891,858
859,892,860
892,893,860
860,893,861
893,894,861
861,894,862
894,895,862
862,895,863
895,896,863
863,896,864
896,897,864
864,897,865
897,898,865
865,898,866
898,899,866
866,899,867
899,900,867
867,900,868
900,901,868
868,901,869
901,902,869
869,902,870
902,903,870
870,903,871
903,904,871
871,904,872
904,905,872
872,905,873
905,906,873
873,906,874
906,907,874
874,907,875
907,908,875
875,908,876
908,909,876
876,909,877
909,910,877
877,910,878
910,911,878
878,911,879
911,912,879
879,912,880
912,913,880
880,913,881
913,914,881
881,914,882
914,915,882
882,915,883
915,916,883
883,916,884
916,917,884
884,917,885
917,918,885
885,918,886
918,919,886
886,919,887
919,920,887
887,920,888
920,921,888
888,921,889
921,922,889
889,922,890
922,923,890
890,923,891
923,924,891
892,925,893
925,926,893
893,926,894
926,927,894
894,927,895
927,928,895
895,928,896
928,929,896
896,929,897
929,930,897
897,930,898
930,931,898
898,931,899
931,932,899
899,932,900
932,933,900
900,933,901
933,934,901
901,934,902
934,935,902
902,935,903
935,936,903
903,936,904
936,937,904
904,937,905
937,938,905
905,938,906
938,939,906
906,939,907
939,940,907
907,940,908
940,941,908
908,941,909
941,942,909
909,942,910
942,943,910
910,943,911
943,944,911
911,944,912
944,945,912
912,945,913
945,946,913
913,946,914
946,947,914
914,947,915
947,948,915
915,948,916
948,949,916
916,949,917
949,950,917
917,950,918
950,951,918
918,951,919
951,952,919
919,952,920
952,953,920
920,953,921
953,954,921
921,954,922
954,955,922
922,955,923
955,956,923
923,956,924
956,957,924
925,958,926
958,959,926
926,959,927
959,960,927
927,960,928
960,961,928
928,961,929
961,962,929
929,962,930
962,963,930
930,963,931
963,964,931
931,964,932
964,965,932
932,965,933
965,966,933
933,966,934
966,967,934
934,967,935
967,968,935
935,968,936
968,969,936
936,969,937
969,970,937
937,970,938
970,971,938
938,971,939
971,972,939
939,972,940
972,973,940
940,973,941
973,974,941
941,974,942
974,975,942
942,975,943
975,976,943
943,976,944
976,977,944
944,977,945
977,978,945
945,978,946
978,979,946
946,979,947
979,980,947
947,980,948
980,981,948
948,981,949
981,982,949
949,982,950
982,983,950
950,983,951
983,984,951
951,984,952
984,985,952
952,985,953
985,986,953
953,986,954
986,987,954
954,987,955
987,988,955
955,988,956
988,989,956
956,989,957
989,990,957
958,991,959
991,992,959
959,992,960
992,993,960
960,993,961
993,994,961
961,994,962
994,995,962
962,995,963
995,996,963
963,996,964
996,997,964
964,997,965
997,998,965
965,998,966
998,999,966
966,999,967
999,1000,967
967,1000,968
1000,1001,968
968,1001,969
1001,1002,969
969,1002,970
1002,1003,970
970,1003,971
1003,1004,971
971,1004,972
1004,1005,972
972,1005,973
1005,1006,973
973,1006,974
1006,1007,974
974,1007,975
1007,1008,975
975,1008,976
1008,1009,976
976,1009,977
1009,1010,977
977,1010,978
1010,1011,978
978,1011,979
1011,1012,979
979,1012,980
1012,1013,980
980,1013,981
1013,1014,981
981,1014,982
1014,1015,982
982,1015,983
1015,1016,983
983,1016,984
1016,1017,984
984,1017,985
1017,1018,985
985,1018,986
1018,1019,986
986,1019,987
1019,1020,987
987,1020,988
1020,1021,988
988,1021,989
1021,1022,989
989,1022,990
1022,1023,990
991,1024,992
1024,1025,992
992,1025,993
1025,1026,993
993,1026,994
1026,1027,994
994,1027,995
1027,1028,995
995,1028,996
1028,1029,996
996,1029,997
1029,1030,997
997,1030,998
1030,1031,998
998,1031,999
1031,1032,999
999,1032,1000
1032,1033,1000
1000,1033,1001
1033,1034,1001
1001,1034,1002
1034,1035,1002
1002,1035,1003
1035,1036,1003
1003,1036,1004
1036,1037,1004
1004,1037,1005
1037,1038,1005
1005,1038,1006
1038,1039,1006
1006,1039,1007
1039,1040,1007
1007,1040,1008
1040,1041,1008
1008,1041,1009
1041,1042,1009
1009,1042,1010
1042,1043,1010
1010,1043,1011
1043,1044,1011
1011,1044,1012
1044,1045,1012
1012,1045,1013
1045,1046,1013
1013,1046,1014
1046,1047,1014
1014,1047,1015
1047,1048,1015
1015,1048,1016
1048,1049,1016
1016,1049,1017
1049,1050,1017
1017,1050,1018
1050,1051,1018
1018,1051,1019
1051,1052,1019
1019,1052,1020
1052,1053,1020
1020,1053,1021
1053,1054,1021
1021,1054,1022
1054,1055,1022
1022,1055,1023
1055,1056,1023
1024,1057,1025
1057,1058,1025
1025,1058,1026
1058,1059,1026
1026,1059,1027
1059,1060,1027
1027,1060,1028
1060,1061,1028
1028,1061,1029
1061,1062,1029
1029,1062,1030
1062,1063,1030
1030,1063,1031
1063,1064,1031
1031,1064,1032
1064,1065,1032
1032,1065,1033
1065,1066,1033
1033,1066,1034
1066,1067,1034
1034,1067,1035
1067,1068,1035
1035,1068,1036
1068,1069,1036
1036,1069,1037
1069,1070,1037
1037,1070,1038
1070,1071,1038
1038,1071,1039
1071,1072,1039
1039,1072,1040
1072,1073,1040
1040,1073,1041
1073,1074,1041
1041,1074,1042
1074,1075,1042
1042,1075,1043
1075,1076,1043
1043,1076,1044
1076,1077,1044
1044,1077,1045
1077,1078,1045
1045,1078,1046
1078,1079,1046
1046,1079,1047
1079,1080,1047
1047,1080,1048
1080,1081,1048
1048,1081,1049
1081,1082,1049
1049,1082,1050
1082,1083,1050
1050,1083,1051
1083,1084,1051
1051,1084,1052
1084,1085,1052
1052,1085,1053
1085,1086,1053
1053,1086,1054
1086,1087,1054
1054,1087,1055
1087,1088,1055
1055,1088,1056
1088,1089,1056
