1,66,4225,2
2,4225,4224,3
3,4224,4223,4
4,4223,4222,5
5,4222,4221,6
6,4221,4220,7
7,4220,4219,8
8,4219,4218,9
9,4218,4217,10
10,4217,4216,11
11,4216,4215,12
12,4215,4214,13
13,4214,4213,14
14,4213,4212,15
15,4212,4211,16
16,4211,4210,17
17,4210,4209,18
18,4209,4208,19
19,4208,4207,20
20,4207,4206,21
21,4206,4205,22
22,4205,4204,23
23,4204,4203,24
24,4203,4202,25
25,4202,4201,26
26,4201,4200,27
27,4200,4199,28
28,4199,4198,29
29,4198,4197,30
30,4197,4196,31
31,4196,4195,32
32,4195,4194,33
33,4194,4193,34
34,4193,4192,35
35,4192,4191,36
36,4191,4190,37
37,4190,4189,38
38,4189,4188,39
39,4188,4187,40
40,4187,4186,41
41,4186,4185,42
42,4185,4184,43
43,4184,4183,44
44,4183,4182,45
45,4182,4181,46
46,4181,4180,47
47,4180,4179,48
48,4179,4178,49
49,4178,4177,50
50,4177,4176,51
51,4176,4175,52
52,4175,4174,53
53,4174,4173,54
54,4173,4172,55
55,4172,4171,56
56,4171,4170,57
57,4170,4169,58
58,4169,4168,59
59,4168,4167,60
60,4167,4166,61
61,4166,4165,62
62,4165,4164,63
63,4164,4163,64
64,4163,67,65
66,68,4162,4225
4225,4162,4161,4224
4224,4161,4160,4223
4223,4160,4159,4222
4222,4159,4158,4221
4221,4158,4157,4220
4220,4157,4156,4219
4219,4156,4155,4218
4218,4155,4154,4217
4217,4154,4153,4216
4216,4153,4152,4215
4215,4152,4151,4214
4214,4151,4150,4213
4213,4150,4149,4212
4212,4149,4148,4211
4211,4148,4147,4210
4210,4147,4146,4209
4209,4146,4145,4208
4208,4145,4144,4207
4207,4144,4143,4206
4206,4143,4142,4205
4205,4142,4141,4204
4204,4141,4140,4203
4203,4140,4139,4202
4202,4139,4138,4201
4201,4138,4137,4200
4200,4137,4136,4199
4199,4136,4135,4198
4198,4135,4134,4197
4197,4134,4133,4196
4196,4133,4132,4195
4195,4132,4131,4194
4194,4131,4130,4193
4193,4130,4129,4192
4192,4129,4128,4191
4191,4128,4127,4190
4190,4127,4126,4189
4189,4126,4125,4188
4188,4125,4124,4187
4187,4124,4123,4186
4186,4123,4122,4185
4185,4122,4121,4184
4184,4121,4120,4183
4183,4120,4119,4182
4182,4119,4118,4181
4181,4118,4117,4180
4180,4117,4116,4179
4179,4116,4115,4178
4178,4115,4114,4177
4177,4114,4113,4176
4176,4113,4112,4175
4175,4112,4111,4174
4174,4111,4110,4173
4173,4110,4109,4172
4172,4109,4108,4171
4171,4108,4107,4170
4170,4107,4106,4169
4169,4106,4105,4168
4168,4105,4104,4167
4167,4104,4103,4166
4166,4103,4102,4165
4165,4102,4101,4164
4164,4101,4100,4163
4163,4100,69,67
68,70,4099,4162
4162,4099,4098,4161
4161,4098,4097,4160
4160,4097,4096,4159
4159,4096,4095,4158
4158,4095,4094,4157
4157,4094,4093,4156
4156,4093,4092,4155
4155,4092,4091,4154
4154,4091,4090,4153
4153,4090,4089,4152
4152,4089,4088,4151
4151,4088,4087,4150
4150,4087,4086,4149
4149,4086,4085,4148
4148,4085,4084,4147
4147,4084,4083,4146
4146,4083,4082,4145
4145,4082,4081,4144
4144,4081,4080,4143
4143,4080,4079,4142
4142,4079,4078,4141
4141,4078,4077,4140
4140,4077,4076,4139
4139,4076,4075,4138
4138,4075,4074,4137
4137,4074,4073,4136
4136,4073,4072,4135
4135,4072,4071,4134
4134,4071,4070,4133
4133,4070,4069,4132
4132,4069,4068,4131
4131,4068,4067,4130
4130,4067,4066,4129
4129,4066,4065,4128
4128,4065,4064,4127
4127,4064,4063,4126
4126,4063,4062,4125
4125,4062,4061,4124
4124,4061,4060,4123
4123,4060,4059,4122
4122,4059,4058,4121
4121,4058,4057,4120
4120,4057,4056,4119
4119,4056,4055,4118
4118,4055,4054,4117
4117,4054,4053,4116
4116,4053,4052,4115
4115,4052,4051,4114
4114,4051,4050,4113
4113,4050,4049,4112
4112,4049,4048,4111
4111,4048,4047,4110
4110,4047,4046,4109
4109,4046,4045,4108
4108,4045,4044,4107
4107,4044,4043,4106
4106,4043,4042,4105
4105,4042,4041,4104
4104,4041,4040,4103
4103,4040,4039,4102
4102,4039,4038,4101
4101,4038,4037,4100
4100,4037,71,69
70,72,4036,4099
4099,4036,4035,4098
4098,4035,4034,4097
4097,4034,4033,4096
4096,4033,4032,4095
4095,4032,4031,4094
4094,4031,4030,4093
4093,4030,4029,4092
4092,4029,4028,4091
4091,4028,4027,4090
4090,4027,4026,4089
4089,4026,4025,4088
4088,4025,4024,4087
4087,4024,4023,4086
4086,4023,4022,4085
4085,4022,4021,4084
4084,4021,4020,4083
4083,4020,4019,4082
4082,4019,4018,4081
4081,4018,4017,4080
4080,4017,4016,4079
4079,4016,4015,4078
4078,4015,4014,4077
4077,4014,4013,4076
4076,4013,4012,4075
4075,4012,4011,4074
4074,4011,4010,4073
4073,4010,4009,4072
4072,4009,4008,4071
4071,4008,4007,4070
4070,4007,4006,4069
4069,4006,4005,4068
4068,4005,4004,4067
4067,4004,4003,4066
4066,4003,4002,4065
4065,4002,4001,4064
4064,4001,4000,4063
4063,4000,3999,4062
4062,3999,3998,4061
4061,3998,3997,4060
4060,3997,3996,4059
4059,3996,3995,4058
4058,3995,3994,4057
4057,3994,3993,4056
4056,3993,3992,4055
4055,3992,3991,4054
4054,3991,3990,4053
4053,3990,3989,4052
4052,3989,3988,4051
4051,3988,3987,4050
4050,3987,3986,4049
4049,3986,3985,4048
4048,3985,3984,4047
4047,3984,3983,4046
4046,3983,3982,4045
4045,3982,3981,4044
4044,3981,3980,4043
4043,3980,3979,4042
4042,3979,3978,4041
4041,3978,3977,4040
4040,3977,3976,4039
4039,3976,3975,4038
4038,3975,3974,4037
4037,3974,73,71
72,74,3973,4036
4036,3973,3972,4035
4035,3972,3971,4034
4034,3971,3970,4033
4033,3970,3969,4032
4032,3969,3968,4031
4031,3968,3967,4030
4030,3967,3966,4029
4029,3966,3965,4028
4028,3965,3964,4027
4027,3964,3963,4026
4026,3963,3962,4025
4025,3962,3961,4024
4024,3961,3960,4023
4023,3960,3959,4022
4022,3959,3958,4021
4021,3958,3957,4020
4020,3957,3956,4019
4019,3956,3955,4018
4018,3955,3954,4017
4017,3954,3953,4016
4016,3953,3952,4015
4015,3952,3951,4014
4014,3951,3950,4013
4013,3950,3949,4012
4012,3949,3948,4011
4011,3948,3947,4010
4010,3947,3946,4009
4009,3946,3945,4008
4008,3945,3944,4007
4007,3944,3943,4006
4006,3943,3942,4005
4005,3942,3941,4004
4004,3941,3940,4003
4003,3940,3939,4002
4002,3939,3938,4001
4001,3938,3937,4000
4000,3937,3936,3999
3999,3936,3935,3998
3998,3935,3934,3997
3997,3934,3933,3996
3996,3933,3932,3995
3995,3932,3931,3994
3994,3931,3930,3993
3993,3930,3929,3992
3992,3929,3928,3991
3991,3928,3927,3990
3990,3927,3926,3989
3989,3926,3925,3988
3988,3925,3924,3987
3987,3924,3923,3986
3986,3923,3922,3985
3985,3922,3921,3984
3984,3921,3920,3983
3983,3920,3919,3982
3982,3919,3918,3981
3981,3918,3917,3980
3980,3917,3916,3979
3979,3916,3915,3978
3978,3915,3914,3977
3977,3914,3913,3976
3976,3913,3912,3975
3975,3912,3911,3974
3974,3911,75,73
74,76,3910,3973
3973,3910,3909,3972
3972,3909,3908,3971
3971,3908,3907,3970
3970,3907,3906,3969
3969,3906,3905,3968
3968,3905,3904,3967
3967,3904,3903,3966
3966,3903,3902,3965
3965,3902,3901,3964
3964,3901,3900,3963
3963,3900,3899,3962
3962,3899,3898,3961
3961,3898,3897,3960
3960,3897,3896,3959
3959,3896,3895,3958
3958,3895,3894,3957
3957,3894,3893,3956
3956,3893,3892,3955
3955,3892,3891,3954
3954,3891,3890,3953
3953,3890,3889,3952
3952,3889,3888,3951
3951,3888,3887,3950
3950,3887,3886,3949
3949,3886,3885,3948
3948,3885,3884,3947
3947,3884,3883,3946
3946,3883,3882,3945
3945,3882,3881,3944
3944,3881,3880,3943
3943,3880,3879,3942
3942,3879,3878,3941
3941,3878,3877,3940
3940,3877,3876,3939
3939,3876,3875,3938
3938,3875,3874,3937
3937,3874,3873,3936
3936,3873,3872,3935
3935,3872,3871,3934
3934,3871,3870,3933
3933,3870,3869,3932
3932,3869,3868,3931
3931,3868,3867,3930
3930,3867,3866,3929
3929,3866,3865,3928
3928,3865,3864,3927
3927,3864,3863,3926
3926,3863,3862,3925
3925,3862,3861,3924
3924,3861,3860,3923
3923,3860,3859,3922
3922,3859,3858,3921
3921,3858,3857,3920
3920,3857,3856,3919
3919,3856,3855,3918
3918,3855,3854,3917
3917,3854,3853,3916
3916,3853,3852,3915
3915,3852,3851,3914
3914,3851,3850,3913
3913,3850,3849,3912
3912,3849,3848,3911
3911,3848,77,75
76,78,3847,3910
3910,3847,3846,3909
3909,3846,3845,3908
3908,3845,3844,3907
3907,3844,3843,3906
3906,3843,3842,3905
3905,3842,3841,3904
3904,3841,3840,3903
3903,3840,3839,3902
3902,3839,3838,3901
3901,3838,3837,3900
3900,3837,3836,3899
3899,3836,3835,3898
3898,3835,3834,3897
3897,3834,3833,3896
3896,3833,3832,3895
3895,3832,3831,3894
3894,3831,3830,3893
3893,3830,3829,3892
3892,3829,3828,3891
3891,3828,3827,3890
3890,3827,3826,3889
3889,3826,3825,3888
3888,3825,3824,3887
3887,3824,3823,3886
3886,3823,3822,3885
3885,3822,3821,3884
3884,3821,3820,3883
3883,3820,3819,3882
3882,3819,3818,3881
3881,3818,3817,3880
3880,3817,3816,3879
3879,3816,3815,3878
3878,3815,3814,3877
3877,3814,3813,3876
3876,3813,3812,3875
3875,3812,3811,3874
3874,3811,3810,3873
3873,3810,3809,3872
3872,3809,3808,3871
3871,3808,3807,3870
3870,3807,3806,3869
3869,3806,3805,3868
3868,3805,3804,3867
3867,3804,3803,3866
3866,3803,3802,3865
3865,3802,3801,3864
3864,3801,3800,3863
3863,3800,3799,3862
3862,3799,3798,3861
3861,3798,3797,3860
3860,3797,3796,3859
3859,3796,3795,3858
3858,3795,3794,3857
3857,3794,3793,3856
3856,3793,3792,3855
3855,3792,3791,3854
3854,3791,3790,3853
3853,3790,3789,3852
3852,3789,3788,3851
3851,3788,3787,3850
3850,3787,3786,3849
3849,3786,3785,3848
3848,3785,79,77
78,80,3784,3847
3847,3784,3783,3846
3846,3783,3782,3845
3845,3782,3781,3844
3844,3781,3780,3843
3843,3780,3779,3842
3842,3779,3778,3841
3841,3778,3777,3840
3840,3777,3776,3839
3839,3776,3775,3838
3838,3775,3774,3837
3837,3774,3773,3836
3836,3773,3772,3835
3835,3772,3771,3834
3834,3771,3770,3833
3833,3770,3769,3832
3832,3769,3768,3831
3831,3768,3767,3830
3830,3767,3766,3829
3829,3766,3765,3828
3828,3765,3764,3827
3827,3764,3763,3826
3826,3763,3762,3825
3825,3762,3761,3824
3824,3761,3760,3823
3823,3760,3759,3822
3822,3759,3758,3821
3821,3758,3757,3820
3820,3757,3756,3819
3819,3756,3755,3818
3818,3755,3754,3817
3817,3754,3753,3816
3816,3753,3752,3815
3815,3752,3751,3814
3814,3751,3750,3813
3813,3750,3749,3812
3812,3749,3748,3811
3811,3748,3747,3810
3810,3747,3746,3809
3809,3746,3745,3808
3808,3745,3744,3807
3807,3744,3743,3806
3806,3743,3742,3805
3805,3742,3741,3804
3804,3741,3740,3803
3803,3740,3739,3802
3802,3739,3738,3801
3801,3738,3737,3800
3800,3737,3736,3799
3799,3736,3735,3798
3798,3735,3734,3797
3797,3734,3733,3796
3796,3733,3732,3795
3795,3732,3731,3794
3794,3731,3730,3793
3793,3730,3729,3792
3792,3729,3728,3791
3791,3728,3727,3790
3790,3727,3726,3789
3789,3726,3725,3788
3788,3725,3724,3787
3787,3724,3723,3786
3786,3723,3722,3785
3785,3722,81,79
80,82,3721,3784
3784,3721,3720,3783
3783,3720,3719,3782
3782,3719,3718,3781
3781,3718,3717,3780
3780,3717,3716,3779
3779,3716,3715,3778
3778,3715,3714,3777
3777,3714,3713,3776
3776,3713,3712,3775
3775,3712,3711,3774
3774,3711,3710,3773
3773,3710,3709,3772
3772,3709,3708,3771
3771,3708,3707,3770
3770,3707,3706,3769
3769,3706,3705,3768
3768,3705,3704,3767
3767,3704,3703,3766
3766,3703,3702,3765
3765,3702,3701,3764
3764,3701,3700,3763
3763,3700,3699,3762
3762,3699,3698,3761
3761,3698,3697,3760
3760,3697,3696,3759
3759,3696,3695,3758
3758,3695,3694,3757
3757,3694,3693,3756
3756,3693,3692,3755
3755,3692,3691,3754
3754,3691,3690,3753
3753,3690,3689,3752
3752,3689,3688,3751
3751,3688,3687,3750
3750,3687,3686,3749
3749,3686,3685,3748
3748,3685,3684,3747
3747,3684,3683,3746
3746,3683,3682,3745
3745,3682,3681,3744
3744,3681,3680,3743
3743,3680,3679,3742
3742,3679,3678,3741
3741,3678,3677,3740
3740,3677,3676,3739
3739,3676,3675,3738
3738,3675,3674,3737
3737,3674,3673,3736
3736,3673,3672,3735
3735,3672,3671,3734
3734,3671,3670,3733
3733,3670,3669,3732
3732,3669,3668,3731
3731,3668,3667,3730
3730,3667,3666,3729
3729,3666,3665,3728
3728,3665,3664,3727
3727,3664,3663,3726
3726,3663,3662,3725
3725,3662,3661,3724
3724,3661,3660,3723
3723,3660,3659,3722
3722,3659,83,81
82,84,3658,3721
3721,3658,3657,3720
3720,3657,3656,3719
3719,3656,3655,3718
3718,3655,3654,3717
3717,3654,3653,3716
3716,3653,3652,3715
3715,3652,3651,3714
3714,3651,3650,3713
3713,3650,3649,3712
3712,3649,3648,3711
3711,3648,3647,3710
3710,3647,3646,3709
3709,3646,3645,3708
3708,3645,3644,3707
3707,3644,3643,3706
3706,3643,3642,3705
3705,3642,3641,3704
3704,3641,3640,3703
3703,3640,3639,3702
3702,3639,3638,3701
3701,3638,3637,3700
3700,3637,3636,3699
3699,3636,3635,3698
3698,3635,3634,3697
3697,3634,3633,3696
3696,3633,3632,3695
3695,3632,3631,3694
3694,3631,3630,3693
3693,3630,3629,3692
3692,3629,3628,3691
3691,3628,3627,3690
3690,3627,3626,3689
3689,3626,3625,3688
3688,3625,3624,3687
3687,3624,3623,3686
3686,3623,3622,3685
3685,3622,3621,3684
3684,3621,3620,3683
3683,3620,3619,3682
3682,3619,3618,3681
3681,3618,3617,3680
3680,3617,3616,3679
3679,3616,3615,3678
3678,3615,3614,3677
3677,3614,3613,3676
3676,3613,3612,3675
3675,3612,3611,3674
3674,3611,3610,3673
3673,3610,3609,3672
3672,3609,3608,3671
3671,3608,3607,3670
3670,3607,3606,3669
3669,3606,3605,3668
3668,3605,3604,3667
3667,3604,3603,3666
3666,3603,3602,3665
3665,3602,3601,3664
3664,3601,3600,3663
3663,3600,3599,3662
3662,3599,3598,3661
3661,3598,3597,3660
3660,3597,3596,3659
3659,3596,85,83
84,86,3595,3658
3658,3595,3594,3657
3657,3594,3593,3656
3656,3593,3592,3655
3655,3592,3591,3654
3654,3591,3590,3653
3653,3590,3589,3652
3652,3589,3588,3651
3651,3588,3587,3650
3650,3587,3586,3649
3649,3586,3585,3648
3648,3585,3584,3647
3647,3584,3583,3646
3646,3583,3582,3645
3645,3582,3581,3644
3644,3581,3580,3643
3643,3580,3579,3642
3642,3579,3578,3641
3641,3578,3577,3640
3640,3577,3576,3639
3639,3576,3575,3638
3638,3575,3574,3637
3637,3574,3573,3636
3636,3573,3572,3635
3635,3572,3571,3634
3634,3571,3570,3633
3633,3570,3569,3632
3632,3569,3568,3631
3631,3568,3567,3630
3630,3567,3566,3629
3629,3566,3565,3628
3628,3565,3564,3627
3627,3564,3563,3626
3626,3563,3562,3625
3625,3562,3561,3624
3624,3561,3560,3623
3623,3560,3559,3622
3622,3559,3558,3621
3621,3558,3557,3620
3620,3557,3556,3619
3619,3556,3555,3618
3618,3555,3554,3617
3617,3554,3553,3616
3616,3553,3552,3615
3615,3552,3551,3614
3614,3551,3550,3613
3613,3550,3549,3612
3612,3549,3548,3611
3611,3548,3547,3610
3610,3547,3546,3609
3609,3546,3545,3608
3608,3545,3544,3607
3607,3544,3543,3606
3606,3543,3542,3605
3605,3542,3541,3604
3604,3541,3540,3603
3603,3540,3539,3602
3602,3539,3538,3601
3601,3538,3537,3600
3600,3537,3536,3599
3599,3536,3535,3598
3598,3535,3534,3597
3597,3534,3533,3596
3596,3533,87,85
86,88,3532,3595
3595,3532,3531,3594
3594,3531,3530,3593
3593,3530,3529,3592
3592,3529,3528,3591
3591,3528,3527,3590
3590,3527,3526,3589
3589,3526,3525,3588
3588,3525,3524,3587
3587,3524,3523,3586
3586,3523,3522,3585
3585,3522,3521,3584
3584,3521,3520,3583
3583,3520,3519,3582
3582,3519,3518,3581
3581,3518,3517,3580
3580,3517,3516,3579
3579,3516,3515,3578
3578,3515,3514,3577
3577,3514,3513,3576
3576,3513,3512,3575
3575,3512,3511,3574
3574,3511,3510,3573
3573,3510,3509,3572
3572,3509,3508,3571
3571,3508,3507,3570
3570,3507,3506,3569
3569,3506,3505,3568
3568,3505,3504,3567
3567,3504,3503,3566
3566,3503,3502,3565
3565,3502,3501,3564
3564,3501,3500,3563
3563,3500,3499,3562
3562,3499,3498,3561
3561,3498,3497,3560
3560,3497,3496,3559
3559,3496,3495,3558
3558,3495,3494,3557
3557,3494,3493,3556
3556,3493,3492,3555
3555,3492,3491,3554
3554,3491,3490,3553
3553,3490,3489,3552
3552,3489,3488,3551
3551,3488,3487,3550
3550,3487,3486,3549
3549,3486,3485,3548
3548,3485,3484,3547
3547,3484,3483,3546
3546,3483,3482,3545
3545,3482,3481,3544
3544,3481,3480,3543
3543,3480,3479,3542
3542,3479,3478,3541
3541,3478,3477,3540
3540,3477,3476,3539
3539,3476,3475,3538
3538,3475,3474,3537
3537,3474,3473,3536
3536,3473,3472,3535
3535,3472,3471,3534
3534,3471,3470,3533
3533,3470,89,87
88,90,3469,3532
3532,3469,3468,3531
3531,3468,3467,3530
3530,3467,3466,3529
3529,3466,3465,3528
3528,3465,3464,3527
3527,3464,3463,3526
3526,3463,3462,3525
3525,3462,3461,3524
3524,3461,3460,3523
3523,3460,3459,3522
3522,3459,3458,3521
3521,3458,3457,3520
3520,3457,3456,3519
3519,3456,3455,3518
3518,3455,3454,3517
3517,3454,3453,3516
3516,3453,3452,3515
3515,3452,3451,3514
3514,3451,3450,3513
3513,3450,3449,3512
3512,3449,3448,3511
3511,3448,3447,3510
3510,3447,3446,3509
3509,3446,3445,3508
3508,3445,3444,3507
3507,3444,3443,3506
3506,3443,3442,3505
3505,3442,3441,3504
3504,3441,3440,3503
3503,3440,3439,3502
3502,3439,3438,3501
3501,3438,3437,3500
3500,3437,3436,3499
3499,3436,3435,3498
3498,3435,3434,3497
3497,3434,3433,3496
3496,3433,3432,3495
3495,3432,3431,3494
3494,3431,3430,3493
3493,3430,3429,3492
3492,3429,3428,3491
3491,3428,3427,3490
3490,3427,3426,3489
3489,3426,3425,3488
3488,3425,3424,3487
3487,3424,3423,3486
3486,3423,3422,3485
3485,3422,3421,3484
3484,3421,3420,3483
3483,3420,3419,3482
3482,3419,3418,3481
3481,3418,3417,3480
3480,3417,3416,3479
3479,3416,3415,3478
3478,3415,3414,3477
3477,3414,3413,3476
3476,3413,3412,3475
3475,3412,3411,3474
3474,3411,3410,3473
3473,3410,3409,3472
3472,3409,3408,3471
3471,3408,3407,3470
3470,3407,91,89
90,92,3406,3469
3469,3406,3405,3468
3468,3405,3404,3467
3467,3404,3403,3466
3466,3403,3402,3465
3465,3402,3401,3464
3464,3401,3400,3463
3463,3400,3399,3462
3462,3399,3398,3461
3461,3398,3397,3460
3460,3397,3396,3459
3459,3396,3395,3458
3458,3395,3394,3457
3457,3394,3393,3456
3456,3393,3392,3455
3455,3392,3391,3454
3454,3391,3390,3453
3453,3390,3389,3452
3452,3389,3388,3451
3451,3388,3387,3450
3450,3387,3386,3449
3449,3386,3385,3448
3448,3385,3384,3447
3447,3384,3383,3446
3446,3383,3382,3445
3445,3382,3381,3444
3444,3381,3380,3443
3443,3380,3379,3442
3442,3379,3378,3441
3441,3378,3377,3440
3440,3377,3376,3439
3439,3376,3375,3438
3438,3375,3374,3437
3437,3374,3373,3436
3436,3373,3372,3435
3435,3372,3371,3434
3434,3371,3370,3433
3433,3370,3369,3432
3432,3369,3368,3431
3431,3368,3367,3430
3430,3367,3366,3429
3429,3366,3365,3428
3428,3365,3364,3427
3427,3364,3363,3426
3426,3363,3362,3425
3425,3362,3361,3424
3424,3361,3360,3423
3423,3360,3359,3422
3422,3359,3358,3421
3421,3358,3357,3420
3420,3357,3356,3419
3419,3356,3355,3418
3418,3355,3354,3417
3417,3354,3353,3416
3416,3353,3352,3415
3415,3352,3351,3414
3414,3351,3350,3413
3413,3350,3349,3412
3412,3349,3348,3411
3411,3348,3347,3410
3410,3347,3346,3409
3409,3346,3345,3408
3408,3345,3344,3407
3407,3344,93,91
92,94,3343,3406
3406,3343,3342,3405
3405,3342,3341,3404
3404,3341,3340,3403
3403,3340,3339,3402
3402,3339,3338,3401
3401,3338,3337,3400
3400,3337,3336,3399
3399,3336,3335,3398
3398,3335,3334,3397
3397,3334,3333,3396
3396,3333,3332,3395
3395,3332,3331,3394
3394,3331,3330,3393
3393,3330,3329,3392
3392,3329,3328,3391
3391,3328,3327,3390
3390,3327,3326,3389
3389,3326,3325,3388
3388,3325,3324,3387
3387,3324,3323,3386
3386,3323,3322,3385
3385,3322,3321,3384
3384,3321,3320,3383
3383,3320,3319,3382
3382,3319,3318,3381
3381,3318,3317,3380
3380,3317,3316,3379
3379,3316,3315,3378
3378,3315,3314,3377
3377,3314,3313,3376
3376,3313,3312,3375
3375,3312,3311,3374
3374,3311,3310,3373
3373,3310,3309,3372
3372,3309,3308,3371
3371,3308,3307,3370
3370,3307,3306,3369
3369,3306,3305,3368
3368,3305,3304,3367
3367,3304,3303,3366
3366,3303,3302,3365
3365,3302,3301,3364
3364,3301,3300,3363
3363,3300,3299,3362
3362,3299,3298,3361
3361,3298,3297,3360
3360,3297,3296,3359
3359,3296,3295,3358
3358,3295,3294,3357
3357,3294,3293,3356
3356,3293,3292,3355
3355,3292,3291,3354
3354,3291,3290,3353
3353,3290,3289,3352
3352,3289,3288,3351
3351,3288,3287,3350
3350,3287,3286,3349
3349,3286,3285,3348
3348,3285,3284,3347
3347,3284,3283,3346
3346,3283,3282,3345
3345,3282,3281,3344
3344,3281,95,93
94,96,3280,3343
3343,3280,3279,3342
3342,3279,3278,3341
3341,3278,3277,3340
3340,3277,3276,3339
3339,3276,3275,3338
3338,3275,3274,3337
3337,3274,3273,3336
3336,3273,3272,3335
3335,3272,3271,3334
3334,3271,3270,3333
3333,3270,3269,3332
3332,3269,3268,3331
3331,3268,3267,3330
3330,3267,3266,3329
3329,3266,3265,3328
3328,3265,3264,3327
3327,3264,3263,3326
3326,3263,3262,3325
3325,3262,3261,3324
3324,3261,3260,3323
3323,3260,3259,3322
3322,3259,3258,3321
3321,3258,3257,3320
3320,3257,3256,3319
3319,3256,3255,3318
3318,3255,3254,3317
3317,3254,3253,3316
3316,3253,3252,3315
3315,3252,3251,3314
3314,3251,3250,3313
3313,3250,3249,3312
3312,3249,3248,3311
3311,3248,3247,3310
3310,3247,3246,3309
3309,3246,3245,3308
3308,3245,3244,3307
3307,3244,3243,3306
3306,3243,3242,3305
3305,3242,3241,3304
3304,3241,3240,3303
3303,3240,3239,3302
3302,3239,3238,3301
3301,3238,3237,3300
3300,3237,3236,3299
3299,3236,3235,3298
3298,3235,3234,3297
3297,3234,3233,3296
3296,3233,3232,3295
3295,3232,3231,3294
3294,3231,3230,3293
3293,3230,3229,3292
3292,3229,3228,3291
3291,3228,3227,3290
3290,3227,3226,3289
3289,3226,3225,3288
3288,3225,3224,3287
3287,3224,3223,3286
3286,3223,3222,3285
3285,3222,3221,3284
3284,3221,3220,3283
3283,3220,3219,3282
3282,3219,3218,3281
3281,3218,97,95
96,98,3217,3280
3280,3217,3216,3279
3279,3216,3215,3278
3278,3215,3214,3277
3277,3214,3213,3276
3276,3213,3212,3275
3275,3212,3211,3274
3274,3211,3210,3273
3273,3210,3209,3272
3272,3209,3208,3271
3271,3208,3207,3270
3270,3207,3206,3269
3269,3206,3205,3268
3268,3205,3204,3267
3267,3204,3203,3266
3266,3203,3202,3265
3265,3202,3201,3264
3264,3201,3200,3263
3263,3200,3199,3262
3262,3199,3198,3261
3261,3198,3197,3260
3260,3197,3196,3259
3259,3196,3195,3258
3258,3195,3194,3257
3257,3194,3193,3256
3256,3193,3192,3255
3255,3192,3191,3254
3254,3191,3190,3253
3253,3190,3189,3252
3252,3189,3188,3251
3251,3188,3187,3250
3250,3187,3186,3249
3249,3186,3185,3248
3248,3185,3184,3247
3247,3184,3183,3246
3246,3183,3182,3245
3245,3182,3181,3244
3244,3181,3180,3243
3243,3180,3179,3242
3242,3179,3178,3241
3241,3178,3177,3240
3240,3177,3176,3239
3239,3176,3175,3238
3238,3175,3174,3237
3237,3174,3173,3236
3236,3173,3172,3235
3235,3172,3171,3234
3234,3171,3170,3233
3233,3170,3169,3232
3232,3169,3168,3231
3231,3168,3167,3230
3230,3167,3166,3229
3229,3166,3165,3228
3228,3165,3164,3227
3227,3164,3163,3226
3226,3163,3162,3225
3225,3162,3161,3224
3224,3161,3160,3223
3223,3160,3159,3222
3222,3159,3158,3221
3221,3158,3157,3220
3220,3157,3156,3219
3219,3156,3155,3218
3218,3155,99,97
98,100,3154,3217
3217,3154,3153,3216
3216,3153,3152,3215
3215,3152,3151,3214
3214,3151,3150,3213
3213,3150,3149,3212
3212,3149,3148,3211
3211,3148,3147,3210
3210,3147,3146,3209
3209,3146,3145,3208
3208,3145,3144,3207
3207,3144,3143,3206
3206,3143,3142,3205
3205,3142,3141,3204
3204,3141,3140,3203
3203,3140,3139,3202
3202,3139,3138,3201
3201,3138,3137,3200
3200,3137,3136,3199
3199,3136,3135,3198
3198,3135,3134,3197
3197,3134,3133,3196
3196,3133,3132,3195
3195,3132,3131,3194
3194,3131,3130,3193
3193,3130,3129,3192
3192,3129,3128,3191
3191,3128,3127,3190
3190,3127,3126,3189
3189,3126,3125,3188
3188,3125,3124,3187
3187,3124,3123,3186
3186,3123,3122,3185
3185,3122,3121,3184
3184,3121,3120,3183
3183,3120,3119,3182
3182,3119,3118,3181
3181,3118,3117,3180
3180,3117,3116,3179
3179,3116,3115,3178
3178,3115,3114,3177
3177,3114,3113,3176
3176,3113,3112,3175
3175,3112,3111,3174
3174,3111,3110,3173
3173,3110,3109,3172
3172,3109,3108,3171
3171,3108,3107,3170
3170,3107,3106,3169
3169,3106,3105,3168
3168,3105,3104,3167
3167,3104,3103,3166
3166,3103,3102,3165
3165,3102,3101,3164
3164,3101,3100,3163
3163,3100,3099,3162
3162,3099,3098,3161
3161,3098,3097,3160
3160,3097,3096,3159
3159,3096,3095,3158
3158,3095,3094,3157
3157,3094,3093,3156
3156,3093,3092,3155
3155,3092,101,99
100,102,3091,3154
3154,3091,3090,3153
3153,3090,3089,3152
3152,3089,3088,3151
3151,3088,3087,3150
3150,3087,3086,3149
3149,3086,3085,3148
3148,3085,3084,3147
3147,3084,3083,3146
3146,3083,3082,3145
3145,3082,3081,3144
3144,3081,3080,3143
3143,3080,3079,3142
3142,3079,3078,3141
3141,3078,3077,3140
3140,3077,3076,3139
3139,3076,3075,3138
3138,3075,3074,3137
3137,3074,3073,3136
3136,3073,3072,3135
3135,3072,3071,3134
3134,3071,3070,3133
3133,3070,3069,3132
3132,3069,3068,3131
3131,3068,3067,3130
3130,3067,3066,3129
3129,3066,3065,3128
3128,3065,3064,3127
3127,3064,3063,3126
3126,3063,3062,3125
3125,3062,3061,3124
3124,3061,3060,3123
3123,3060,3059,3122
3122,3059,3058,3121
3121,3058,3057,3120
3120,3057,3056,3119
3119,3056,3055,3118
3118,3055,3054,3117
3117,3054,3053,3116
3116,3053,3052,3115
3115,3052,3051,3114
3114,3051,3050,3113
3113,3050,3049,3112
3112,3049,3048,3111
3111,3048,3047,3110
3110,3047,3046,3109
3109,3046,3045,3108
3108,3045,3044,3107
3107,3044,3043,3106
3106,3043,3042,3105
3105,3042,3041,3104
3104,3041,3040,3103
3103,3040,3039,3102
3102,3039,3038,3101
3101,3038,3037,3100
3100,3037,3036,3099
3099,3036,3035,3098
3098,3035,3034,3097
3097,3034,3033,3096
3096,3033,3032,3095
3095,3032,3031,3094
3094,3031,3030,3093
3093,3030,3029,3092
3092,3029,103,101
102,104,3028,3091
3091,3028,3027,3090
3090,3027,3026,3089
3089,3026,3025,3088
3088,3025,3024,3087
3087,3024,3023,3086
3086,3023,3022,3085
3085,3022,3021,3084
3084,3021,3020,3083
3083,3020,3019,3082
3082,3019,3018,3081
3081,3018,3017,3080
3080,3017,3016,3079
3079,3016,3015,3078
3078,3015,3014,3077
3077,3014,3013,3076
3076,3013,3012,3075
3075,3012,3011,3074
3074,3011,3010,3073
3073,3010,3009,3072
3072,3009,3008,3071
3071,3008,3007,3070
3070,3007,3006,3069
3069,3006,3005,3068
3068,3005,3004,3067
3067,3004,3003,3066
3066,3003,3002,3065
3065,3002,3001,3064
3064,3001,3000,3063
3063,3000,2999,3062
3062,2999,2998,3061
3061,2998,2997,3060
3060,2997,2996,3059
3059,2996,2995,3058
3058,2995,2994,3057
3057,2994,2993,3056
3056,2993,2992,3055
3055,2992,2991,3054
3054,2991,2990,3053
3053,2990,2989,3052
3052,2989,2988,3051
3051,2988,2987,3050
3050,2987,2986,3049
3049,2986,2985,3048
3048,2985,2984,3047
3047,2984,2983,3046
3046,2983,2982,3045
3045,2982,2981,3044
3044,2981,2980,3043
3043,2980,2979,3042
3042,2979,2978,3041
3041,2978,2977,3040
3040,2977,2976,3039
3039,2976,2975,3038
3038,2975,2974,3037
3037,2974,2973,3036
3036,2973,2972,3035
3035,2972,2971,3034
3034,2971,2970,3033
3033,2970,2969,3032
3032,2969,2968,3031
3031,2968,2967,3030
3030,2967,2966,3029
3029,2966,105,103
104,106,2965,3028
3028,2965,2964,3027
3027,2964,2963,3026
3026,2963,2962,3025
3025,2962,2961,3024
3024,2961,2960,3023
3023,2960,2959,3022
3022,2959,2958,3021
3021,2958,2957,3020
3020,2957,2956,3019
3019,2956,2955,3018
3018,2955,2954,3017
3017,2954,2953,3016
3016,2953,2952,3015
3015,2952,2951,3014
3014,2951,2950,3013
3013,2950,2949,3012
3012,2949,2948,3011
3011,2948,2947,3010
3010,2947,2946,3009
3009,2946,2945,3008
3008,2945,2944,3007
3007,2944,2943,3006
3006,2943,2942,3005
3005,2942,2941,3004
3004,2941,2940,3003
3003,2940,2939,3002
3002,2939,2938,3001
3001,2938,2937,3000
3000,2937,2936,2999
2999,2936,2935,2998
2998,2935,2934,2997
2997,2934,2933,2996
2996,2933,2932,2995
2995,2932,2931,2994
2994,2931,2930,2993
2993,2930,2929,2992
2992,2929,2928,2991
2991,2928,2927,2990
2990,2927,2926,2989
2989,2926,2925,2988
2988,2925,2924,2987
2987,2924,2923,2986
2986,2923,2922,2985
2985,2922,2921,2984
2984,2921,2920,2983
2983,2920,2919,2982
2982,2919,2918,2981
2981,2918,2917,2980
2980,2917,2916,2979
2979,2916,2915,2978
2978,2915,2914,2977
2977,2914,2913,2976
2976,2913,2912,2975
2975,2912,2911,2974
2974,2911,2910,2973
2973,2910,2909,2972
2972,2909,2908,2971
2971,2908,2907,2970
2970,2907,2906,2969
2969,2906,2905,2968
2968,2905,2904,2967
2967,2904,2903,2966
2966,2903,107,105
106,108,2902,2965
2965,2902,2901,2964
2964,2901,2900,2963
2963,2900,2899,2962
2962,2899,2898,2961
2961,2898,2897,2960
2960,2897,2896,2959
2959,2896,2895,2958
2958,2895,2894,2957
2957,2894,2893,2956
2956,2893,2892,2955
2955,2892,2891,2954
2954,2891,2890,2953
2953,2890,2889,2952
2952,2889,2888,2951
2951,2888,2887,2950
2950,2887,2886,2949
2949,2886,2885,2948
2948,2885,2884,2947
2947,2884,2883,2946
2946,2883,2882,2945
2945,2882,2881,2944
2944,2881,2880,2943
2943,2880,2879,2942
2942,2879,2878,2941
2941,2878,2877,2940
2940,2877,2876,2939
2939,2876,2875,2938
2938,2875,2874,2937
2937,2874,2873,2936
2936,2873,2872,2935
2935,2872,2871,2934
2934,2871,2870,2933
2933,2870,2869,2932
2932,2869,2868,2931
2931,2868,2867,2930
2930,2867,2866,2929
2929,2866,2865,2928
2928,2865,2864,2927
2927,2864,2863,2926
2926,2863,2862,2925
2925,2862,2861,2924
2924,2861,2860,2923
2923,2860,2859,2922
2922,2859,2858,2921
2921,2858,2857,2920
2920,2857,2856,2919
2919,2856,2855,2918
2918,2855,2854,2917
2917,2854,2853,2916
2916,2853,2852,2915
2915,2852,2851,2914
2914,2851,2850,2913
2913,2850,2849,2912
2912,2849,2848,2911
2911,2848,2847,2910
2910,2847,2846,2909
2909,2846,2845,2908
2908,2845,2844,2907
2907,2844,2843,2906
2906,2843,2842,2905
2905,2842,2841,2904
2904,2841,2840,2903
2903,2840,109,107
108,110,2839,2902
2902,2839,2838,2901
2901,2838,2837,2900
2900,2837,2836,2899
2899,2836,2835,2898
2898,2835,2834,2897
2897,2834,2833,2896
2896,2833,2832,2895
2895,2832,2831,2894
2894,2831,2830,2893
2893,2830,2829,2892
2892,2829,2828,2891
2891,2828,2827,2890
2890,2827,2826,2889
2889,2826,2825,2888
2888,2825,2824,2887
2887,2824,2823,2886
2886,2823,2822,2885
2885,2822,2821,2884
2884,2821,2820,2883
2883,2820,2819,2882
2882,2819,2818,2881
2881,2818,2817,2880
2880,2817,2816,2879
2879,2816,2815,2878
2878,2815,2814,2877
2877,2814,2813,2876
2876,2813,2812,2875
2875,2812,2811,2874
2874,2811,2810,2873
2873,2810,2809,2872
2872,2809,2808,2871
2871,2808,2807,2870
2870,2807,2806,2869
2869,2806,2805,2868
2868,2805,2804,2867
2867,2804,2803,2866
2866,2803,2802,2865
2865,2802,2801,2864
2864,2801,2800,2863
2863,2800,2799,2862
2862,2799,2798,2861
2861,2798,2797,2860
2860,2797,2796,2859
2859,2796,2795,2858
2858,2795,2794,2857
2857,2794,2793,2856
2856,2793,2792,2855
2855,2792,2791,2854
2854,2791,2790,2853
2853,2790,2789,2852
2852,2789,2788,2851
2851,2788,2787,2850
2850,2787,2786,2849
2849,2786,2785,2848
2848,2785,2784,2847
2847,2784,2783,2846
2846,2783,2782,2845
2845,2782,2781,2844
2844,2781,2780,2843
2843,2780,2779,2842
2842,2779,2778,2841
2841,2778,2777,2840
2840,2777,111,109
110,112,2776,2839
2839,2776,2775,2838
2838,2775,2774,2837
2837,2774,2773,2836
2836,2773,2772,2835
2835,2772,2771,2834
2834,2771,2770,2833
2833,2770,2769,2832
2832,2769,2768,2831
2831,2768,2767,2830
2830,2767,2766,2829
2829,2766,2765,2828
2828,2765,2764,2827
2827,2764,2763,2826
2826,2763,2762,2825
2825,2762,2761,2824
2824,2761,2760,2823
2823,2760,2759,2822
2822,2759,2758,2821
2821,2758,2757,2820
2820,2757,2756,2819
2819,2756,2755,2818
2818,2755,2754,2817
2817,2754,2753,2816
2816,2753,2752,2815
2815,2752,2751,2814
2814,2751,2750,2813
2813,2750,2749,2812
2812,2749,2748,2811
2811,2748,2747,2810
2810,2747,2746,2809
2809,2746,2745,2808
2808,2745,2744,2807
2807,2744,2743,2806
2806,2743,2742,2805
2805,2742,2741,2804
2804,2741,2740,2803
2803,2740,2739,2802
2802,2739,2738,2801
2801,2738,2737,2800
2800,2737,2736,2799
2799,2736,2735,2798
2798,2735,2734,2797
2797,2734,2733,2796
2796,2733,2732,2795
2795,2732,2731,2794
2794,2731,2730,2793
2793,2730,2729,2792
2792,2729,2728,2791
2791,2728,2727,2790
2790,2727,2726,2789
2789,2726,2725,2788
2788,2725,2724,2787
2787,2724,2723,2786
2786,2723,2722,2785
2785,2722,2721,2784
2784,2721,2720,2783
2783,2720,2719,2782
2782,2719,2718,2781
2781,2718,2717,2780
2780,2717,2716,2779
2779,2716,2715,2778
2778,2715,2714,2777
2777,2714,113,111
112,114,2713,2776
2776,2713,2712,2775
2775,2712,2711,2774
2774,2711,2710,2773
2773,2710,2709,2772
2772,2709,2708,2771
2771,2708,2707,2770
2770,2707,2706,2769
2769,2706,2705,2768
2768,2705,2704,2767
2767,2704,2703,2766
2766,2703,2702,2765
2765,2702,2701,2764
2764,2701,2700,2763
2763,2700,2699,2762
2762,2699,2698,2761
2761,2698,2697,2760
2760,2697,2696,2759
2759,2696,2695,2758
2758,2695,2694,2757
2757,2694,2693,2756
2756,2693,2692,2755
2755,2692,2691,2754
2754,2691,2690,2753
2753,2690,2689,2752
2752,2689,2688,2751
2751,2688,2687,2750
2750,2687,2686,2749
2749,2686,2685,2748
2748,2685,2684,2747
2747,2684,2683,2746
2746,2683,2682,2745
2745,2682,2681,2744
2744,2681,2680,2743
2743,2680,2679,2742
2742,2679,2678,2741
2741,2678,2677,2740
2740,2677,2676,2739
2739,2676,2675,2738
2738,2675,2674,2737
2737,2674,2673,2736
2736,2673,2672,2735
2735,2672,2671,2734
2734,2671,2670,2733
2733,2670,2669,2732
2732,2669,2668,2731
2731,2668,2667,2730
2730,2667,2666,2729
2729,2666,2665,2728
2728,2665,2664,2727
2727,2664,2663,2726
2726,2663,2662,2725
2725,2662,2661,2724
2724,2661,2660,2723
2723,2660,2659,2722
2722,2659,2658,2721
2721,2658,2657,2720
2720,2657,2656,2719
2719,2656,2655,2718
2718,2655,2654,2717
2717,2654,2653,2716
2716,2653,2652,2715
2715,2652,2651,2714
2714,2651,115,113
114,116,2650,2713
2713,2650,2649,2712
2712,2649,2648,2711
2711,2648,2647,2710
2710,2647,2646,2709
2709,2646,2645,2708
2708,2645,2644,2707
2707,2644,2643,2706
2706,2643,2642,2705
2705,2642,2641,2704
2704,2641,2640,2703
2703,2640,2639,2702
2702,2639,2638,2701
2701,2638,2637,2700
2700,2637,2636,2699
2699,2636,2635,2698
2698,2635,2634,2697
2697,2634,2633,2696
2696,2633,2632,2695
2695,2632,2631,2694
2694,2631,2630,2693
2693,2630,2629,2692
2692,2629,2628,2691
2691,2628,2627,2690
2690,2627,2626,2689
2689,2626,2625,2688
2688,2625,2624,2687
2687,2624,2623,2686
2686,2623,2622,2685
2685,2622,2621,2684
2684,2621,2620,2683
2683,2620,2619,2682
2682,2619,2618,2681
2681,2618,2617,2680
2680,2617,2616,2679
2679,2616,2615,2678
2678,2615,2614,2677
2677,2614,2613,2676
2676,2613,2612,2675
2675,2612,2611,2674
2674,2611,2610,2673
2673,2610,2609,2672
2672,2609,2608,2671
2671,2608,2607,2670
2670,2607,2606,2669
2669,2606,2605,2668
2668,2605,2604,2667
2667,2604,2603,2666
2666,2603,2602,2665
2665,2602,2601,2664
2664,2601,2600,2663
2663,2600,2599,2662
2662,2599,2598,2661
2661,2598,2597,2660
2660,2597,2596,2659
2659,2596,2595,2658
2658,2595,2594,2657
2657,2594,2593,2656
2656,2593,2592,2655
2655,2592,2591,2654
2654,2591,2590,2653
2653,2590,2589,2652
2652,2589,2588,2651
2651,2588,117,115
116,118,2587,2650
2650,2587,2586,2649
2649,2586,2585,2648
2648,2585,2584,2647
2647,2584,2583,2646
2646,2583,2582,2645
2645,2582,2581,2644
2644,2581,2580,2643
2643,2580,2579,2642
2642,2579,2578,2641
2641,2578,2577,2640
2640,2577,2576,2639
2639,2576,2575,2638
2638,2575,2574,2637
2637,2574,2573,2636
2636,2573,2572,2635
2635,2572,2571,2634
2634,2571,2570,2633
2633,2570,2569,2632
2632,2569,2568,2631
2631,2568,2567,2630
2630,2567,2566,2629
2629,2566,2565,2628
2628,2565,2564,2627
2627,2564,2563,2626
2626,2563,2562,2625
2625,2562,2561,2624
2624,2561,2560,2623
2623,2560,2559,2622
2622,2559,2558,2621
2621,2558,2557,2620
2620,2557,2556,2619
2619,2556,2555,2618
2618,2555,2554,2617
2617,2554,2553,2616
2616,2553,2552,2615
2615,2552,2551,2614
2614,2551,2550,2613
2613,2550,2549,2612
2612,2549,2548,2611
2611,2548,2547,2610
2610,2547,2546,2609
2609,2546,2545,2608
2608,2545,2544,2607
2607,2544,2543,2606
2606,2543,2542,2605
2605,2542,2541,2604
2604,2541,2540,2603
2603,2540,2539,2602
2602,2539,2538,2601
2601,2538,2537,2600
2600,2537,2536,2599
2599,2536,2535,2598
2598,2535,2534,2597
2597,2534,2533,2596
2596,2533,2532,2595
2595,2532,2531,2594
2594,2531,2530,2593
2593,2530,2529,2592
2592,2529,2528,2591
2591,2528,2527,2590
2590,2527,2526,2589
2589,2526,2525,2588
2588,2525,119,117
118,120,2524,2587
2587,2524,2523,2586
2586,2523,2522,2585
2585,2522,2521,2584
2584,2521,2520,2583
2583,2520,2519,2582
2582,2519,2518,2581
2581,2518,2517,2580
2580,2517,2516,2579
2579,2516,2515,2578
2578,2515,2514,2577
2577,2514,2513,2576
2576,2513,2512,2575
2575,2512,2511,2574
2574,2511,2510,2573
2573,2510,2509,2572
2572,2509,2508,2571
2571,2508,2507,2570
2570,2507,2506,2569
2569,2506,2505,2568
2568,2505,2504,2567
2567,2504,2503,2566
2566,2503,2502,2565
2565,2502,2501,2564
2564,2501,2500,2563
2563,2500,2499,2562
2562,2499,2498,2561
2561,2498,2497,2560
2560,2497,2496,2559
2559,2496,2495,2558
2558,2495,2494,2557
2557,2494,2493,2556
2556,2493,2492,2555
2555,2492,2491,2554
2554,2491,2490,2553
2553,2490,2489,2552
2552,2489,2488,2551
2551,2488,2487,2550
2550,2487,2486,2549
2549,2486,2485,2548
2548,2485,2484,2547
2547,2484,2483,2546
2546,2483,2482,2545
2545,2482,2481,2544
2544,2481,2480,2543
2543,2480,2479,2542
2542,2479,2478,2541
2541,2478,2477,2540
2540,2477,2476,2539
2539,2476,2475,2538
2538,2475,2474,2537
2537,2474,2473,2536
2536,2473,2472,2535
2535,2472,2471,2534
2534,2471,2470,2533
2533,2470,2469,2532
2532,2469,2468,2531
2531,2468,2467,2530
2530,2467,2466,2529
2529,2466,2465,2528
2528,2465,2464,2527
2527,2464,2463,2526
2526,2463,2462,2525
2525,2462,121,119
120,122,2461,2524
2524,2461,2460,2523
2523,2460,2459,2522
2522,2459,2458,2521
2521,2458,2457,2520
2520,2457,2456,2519
2519,2456,2455,2518
2518,2455,2454,2517
2517,2454,2453,2516
2516,2453,2452,2515
2515,2452,2451,2514
2514,2451,2450,2513
2513,2450,2449,2512
2512,2449,2448,2511
2511,2448,2447,2510
2510,2447,2446,2509
2509,2446,2445,2508
2508,2445,2444,2507
2507,2444,2443,2506
2506,2443,2442,2505
2505,2442,2441,2504
2504,2441,2440,2503
2503,2440,2439,2502
2502,2439,2438,2501
2501,2438,2437,2500
2500,2437,2436,2499
2499,2436,2435,2498
2498,2435,2434,2497
2497,2434,2433,2496
2496,2433,2432,2495
2495,2432,2431,2494
2494,2431,2430,2493
2493,2430,2429,2492
2492,2429,2428,2491
2491,2428,2427,2490
2490,2427,2426,2489
2489,2426,2425,2488
2488,2425,2424,2487
2487,2424,2423,2486
2486,2423,2422,2485
2485,2422,2421,2484
2484,2421,2420,2483
2483,2420,2419,2482
2482,2419,2418,2481
2481,2418,2417,2480
2480,2417,2416,2479
2479,2416,2415,2478
2478,2415,2414,2477
2477,2414,2413,2476
2476,2413,2412,2475
2475,2412,2411,2474
2474,2411,2410,2473
2473,2410,2409,2472
2472,2409,2408,2471
2471,2408,2407,2470
2470,2407,2406,2469
2469,2406,2405,2468
2468,2405,2404,2467
2467,2404,2403,2466
2466,2403,2402,2465
2465,2402,2401,2464
2464,2401,2400,2463
2463,2400,2399,2462
2462,2399,123,121
122,124,2398,2461
2461,2398,2397,2460
2460,2397,2396,2459
2459,2396,2395,2458
2458,2395,2394,2457
2457,2394,2393,2456
2456,2393,2392,2455
2455,2392,2391,2454
2454,2391,2390,2453
2453,2390,2389,2452
2452,2389,2388,2451
2451,2388,2387,2450
2450,2387,2386,2449
2449,2386,2385,2448
2448,2385,2384,2447
2447,2384,2383,2446
2446,2383,2382,2445
2445,2382,2381,2444
2444,2381,2380,2443
2443,2380,2379,2442
2442,2379,2378,2441
2441,2378,2377,2440
2440,2377,2376,2439
2439,2376,2375,2438
2438,2375,2374,2437
2437,2374,2373,2436
2436,2373,2372,2435
2435,2372,2371,2434
2434,2371,2370,2433
2433,2370,2369,2432
2432,2369,2368,2431
2431,2368,2367,2430
2430,2367,2366,2429
2429,2366,2365,2428
2428,2365,2364,2427
2427,2364,2363,2426
2426,2363,2362,2425
2425,2362,2361,2424
2424,2361,2360,2423
2423,2360,2359,2422
2422,2359,2358,2421
2421,2358,2357,2420
2420,2357,2356,2419
2419,2356,2355,2418
2418,2355,2354,2417
2417,2354,2353,2416
2416,2353,2352,2415
2415,2352,2351,2414
2414,2351,2350,2413
2413,2350,2349,2412
2412,2349,2348,2411
2411,2348,2347,2410
2410,2347,2346,2409
2409,2346,2345,2408
2408,2345,2344,2407
2407,2344,2343,2406
2406,2343,2342,2405
2405,2342,2341,2404
2404,2341,2340,2403
2403,2340,2339,2402
2402,2339,2338,2401
2401,2338,2337,2400
2400,2337,2336,2399
2399,2336,125,123
124,126,2335,2398
2398,2335,2334,2397
2397,2334,2333,2396
2396,2333,2332,2395
2395,2332,2331,2394
2394,2331,2330,2393
2393,2330,2329,2392
2392,2329,2328,2391
2391,2328,2327,2390
2390,2327,2326,2389
2389,2326,2325,2388
2388,2325,2324,2387
2387,2324,2323,2386
2386,2323,2322,2385
2385,2322,2321,2384
2384,2321,2320,2383
2383,2320,2319,2382
2382,2319,2318,2381
2381,2318,2317,2380
2380,2317,2316,2379
2379,2316,2315,2378
2378,2315,2314,2377
2377,2314,2313,2376
2376,2313,2312,2375
2375,2312,2311,2374
2374,2311,2310,2373
2373,2310,2309,2372
2372,2309,2308,2371
2371,2308,2307,2370
2370,2307,2306,2369
2369,2306,2305,2368
2368,2305,2304,2367
2367,2304,2303,2366
2366,2303,2302,2365
2365,2302,2301,2364
2364,2301,2300,2363
2363,2300,2299,2362
2362,2299,2298,2361
2361,2298,2297,2360
2360,2297,2296,2359
2359,2296,2295,2358
2358,2295,2294,2357
2357,2294,2293,2356
2356,2293,2292,2355
2355,2292,2291,2354
2354,2291,2290,2353
2353,2290,2289,2352
2352,2289,2288,2351
2351,2288,2287,2350
2350,2287,2286,2349
2349,2286,2285,2348
2348,2285,2284,2347
2347,2284,2283,2346
2346,2283,2282,2345
2345,2282,2281,2344
2344,2281,2280,2343
2343,2280,2279,2342
2342,2279,2278,2341
2341,2278,2277,2340
2340,2277,2276,2339
2339,2276,2275,2338
2338,2275,2274,2337
2337,2274,2273,2336
2336,2273,127,125
126,128,2272,2335
2335,2272,2271,2334
2334,2271,2270,2333
2333,2270,2269,2332
2332,2269,2268,2331
2331,2268,2267,2330
2330,2267,2266,2329
2329,2266,2265,2328
2328,2265,2264,2327
2327,2264,2263,2326
2326,2263,2262,2325
2325,2262,2261,2324
2324,2261,2260,2323
2323,2260,2259,2322
2322,2259,2258,2321
2321,2258,2257,2320
2320,2257,2256,2319
2319,2256,2255,2318
2318,2255,2254,2317
2317,2254,2253,2316
2316,2253,2252,2315
2315,2252,2251,2314
2314,2251,2250,2313
2313,2250,2249,2312
2312,2249,2248,2311
2311,2248,2247,2310
2310,2247,2246,2309
2309,2246,2245,2308
2308,2245,2244,2307
2307,2244,2243,2306
2306,2243,2242,2305
2305,2242,2241,2304
2304,2241,2240,2303
2303,2240,2239,2302
2302,2239,2238,2301
2301,2238,2237,2300
2300,2237,2236,2299
2299,2236,2235,2298
2298,2235,2234,2297
2297,2234,2233,2296
2296,2233,2232,2295
2295,2232,2231,2294
2294,2231,2230,2293
2293,2230,2229,2292
2292,2229,2228,2291
2291,2228,2227,2290
2290,2227,2226,2289
2289,2226,2225,2288
2288,2225,2224,2287
2287,2224,2223,2286
2286,2223,2222,2285
2285,2222,2221,2284
2284,2221,2220,2283
2283,2220,2219,2282
2282,2219,2218,2281
2281,2218,2217,2280
2280,2217,2216,2279
2279,2216,2215,2278
2278,2215,2214,2277
2277,2214,2213,2276
2276,2213,2212,2275
2275,2212,2211,2274
2274,2211,2210,2273
2273,2210,129,127
128,130,2209,2272
2272,2209,2208,2271
2271,2208,2207,2270
2270,2207,2206,2269
2269,2206,2205,2268
2268,2205,2204,2267
2267,2204,2203,2266
2266,2203,2202,2265
2265,2202,2201,2264
2264,2201,2200,2263
2263,2200,2199,2262
2262,2199,2198,2261
2261,2198,2197,2260
2260,2197,2196,2259
2259,2196,2195,2258
2258,2195,2194,2257
2257,2194,2193,2256
2256,2193,2192,2255
2255,2192,2191,2254
2254,2191,2190,2253
2253,2190,2189,2252
2252,2189,2188,2251
2251,2188,2187,2250
2250,2187,2186,2249
2249,2186,2185,2248
2248,2185,2184,2247
2247,2184,2183,2246
2246,2183,2182,2245
2245,2182,2181,2244
2244,2181,2180,2243
2243,2180,2179,2242
2242,2179,2178,2241
2241,2178,2177,2240
2240,2177,2176,2239
2239,2176,2175,2238
2238,2175,2174,2237
2237,2174,2173,2236
2236,2173,2172,2235
2235,2172,2171,2234
2234,2171,2170,2233
2233,2170,2169,2232
2232,2169,2168,2231
2231,2168,2167,2230
2230,2167,2166,2229
2229,2166,2165,2228
2228,2165,2164,2227
2227,2164,2163,2226
2226,2163,2162,2225
2225,2162,2161,2224
2224,2161,2160,2223
2223,2160,2159,2222
2222,2159,2158,2221
2221,2158,2157,2220
2220,2157,2156,2219
2219,2156,2155,2218
2218,2155,2154,2217
2217,2154,2153,2216
2216,2153,2152,2215
2215,2152,2151,2214
2214,2151,2150,2213
2213,2150,2149,2212
2212,2149,2148,2211
2211,2148,2147,2210
2210,2147,131,129
130,132,2146,2209
2209,2146,2145,2208
2208,2145,2144,2207
2207,2144,2143,2206
2206,2143,2142,2205
2205,2142,2141,2204
2204,2141,2140,2203
2203,2140,2139,2202
2202,2139,2138,2201
2201,2138,2137,2200
2200,2137,2136,2199
2199,2136,2135,2198
2198,2135,2134,2197
2197,2134,2133,2196
2196,2133,2132,2195
2195,2132,2131,2194
2194,2131,2130,2193
2193,2130,2129,2192
2192,2129,2128,2191
2191,2128,2127,2190
2190,2127,2126,2189
2189,2126,2125,2188
2188,2125,2124,2187
2187,2124,2123,2186
2186,2123,2122,2185
2185,2122,2121,2184
2184,2121,2120,2183
2183,2120,2119,2182
2182,2119,2118,2181
2181,2118,2117,2180
2180,2117,2116,2179
2179,2116,2115,2178
2178,2115,2114,2177
2177,2114,2113,2176
2176,2113,2112,2175
2175,2112,2111,2174
2174,2111,2110,2173
2173,2110,2109,2172
2172,2109,2108,2171
2171,2108,2107,2170
2170,2107,2106,2169
2169,2106,2105,2168
2168,2105,2104,2167
2167,2104,2103,2166
2166,2103,2102,2165
2165,2102,2101,2164
2164,2101,2100,2163
2163,2100,2099,2162
2162,2099,2098,2161
2161,2098,2097,2160
2160,2097,2096,2159
2159,2096,2095,2158
2158,2095,2094,2157
2157,2094,2093,2156
2156,2093,2092,2155
2155,2092,2091,2154
2154,2091,2090,2153
2153,2090,2089,2152
2152,2089,2088,2151
2151,2088,2087,2150
2150,2087,2086,2149
2149,2086,2085,2148
2148,2085,2084,2147
2147,2084,133,131
132,134,2083,2146
2146,2083,2082,2145
2145,2082,2081,2144
2144,2081,2080,2143
2143,2080,2079,2142
2142,2079,2078,2141
2141,2078,2077,2140
2140,2077,2076,2139
2139,2076,2075,2138
2138,2075,2074,2137
2137,2074,2073,2136
2136,2073,2072,2135
2135,2072,2071,2134
2134,2071,2070,2133
2133,2070,2069,2132
2132,2069,2068,2131
2131,2068,2067,2130
2130,2067,2066,2129
2129,2066,2065,2128
2128,2065,2064,2127
2127,2064,2063,2126
2126,2063,2062,2125
2125,2062,2061,2124
2124,2061,2060,2123
2123,2060,2059,2122
2122,2059,2058,2121
2121,2058,2057,2120
2120,2057,2056,2119
2119,2056,2055,2118
2118,2055,2054,2117
2117,2054,2053,2116
2116,2053,2052,2115
2115,2052,2051,2114
2114,2051,2050,2113
2113,2050,2049,2112
2112,2049,2048,2111
2111,2048,2047,2110
2110,2047,2046,2109
2109,2046,2045,2108
2108,2045,2044,2107
2107,2044,2043,2106
2106,2043,2042,2105
2105,2042,2041,2104
2104,2041,2040,2103
2103,2040,2039,2102
2102,2039,2038,2101
2101,2038,2037,2100
2100,2037,2036,2099
2099,2036,2035,2098
2098,2035,2034,2097
2097,2034,2033,2096
2096,2033,2032,2095
2095,2032,2031,2094
2094,2031,2030,2093
2093,2030,2029,2092
2092,2029,2028,2091
2091,2028,2027,2090
2090,2027,2026,2089
2089,2026,2025,2088
2088,2025,2024,2087
2087,2024,2023,2086
2086,2023,2022,2085
2085,2022,2021,2084
2084,2021,135,133
134,136,2020,2083
2083,2020,2019,2082
2082,2019,2018,2081
2081,2018,2017,2080
2080,2017,2016,2079
2079,2016,2015,2078
2078,2015,2014,2077
2077,2014,2013,2076
2076,2013,2012,2075
2075,2012,2011,2074
2074,2011,2010,2073
2073,2010,2009,2072
2072,2009,2008,2071
2071,2008,2007,2070
2070,2007,2006,2069
2069,2006,2005,2068
2068,2005,2004,2067
2067,2004,2003,2066
2066,2003,2002,2065
2065,2002,2001,2064
2064,2001,2000,2063
2063,2000,1999,2062
2062,1999,1998,2061
2061,1998,1997,2060
2060,1997,1996,2059
2059,1996,1995,2058
2058,1995,1994,2057
2057,1994,1993,2056
2056,1993,1992,2055
2055,1992,1991,2054
2054,1991,1990,2053
2053,1990,1989,2052
2052,1989,1988,2051
2051,1988,1987,2050
2050,1987,1986,2049
2049,1986,1985,2048
2048,1985,1984,2047
2047,1984,1983,2046
2046,1983,1982,2045
2045,1982,1981,2044
2044,1981,1980,2043
2043,1980,1979,2042
2042,1979,1978,2041
2041,1978,1977,2040
2040,1977,1976,2039
2039,1976,1975,2038
2038,1975,1974,2037
2037,1974,1973,2036
2036,1973,1972,2035
2035,1972,1971,2034
2034,1971,1970,2033
2033,1970,1969,2032
2032,1969,1968,2031
2031,1968,1967,2030
2030,1967,1966,2029
2029,1966,1965,2028
2028,1965,1964,2027
2027,1964,1963,2026
2026,1963,1962,2025
2025,1962,1961,2024
2024,1961,1960,2023
2023,1960,1959,2022
2022,1959,1958,2021
2021,1958,137,135
136,138,1957,2020
2020,1957,1956,2019
2019,1956,1955,2018
2018,1955,1954,2017
2017,1954,1953,2016
2016,1953,1952,2015
2015,1952,1951,2014
2014,1951,1950,2013
2013,1950,1949,2012
2012,1949,1948,2011
2011,1948,1947,2010
2010,1947,1946,2009
2009,1946,1945,2008
2008,1945,1944,2007
2007,1944,1943,2006
2006,1943,1942,2005
2005,1942,1941,2004
2004,1941,1940,2003
2003,1940,1939,2002
2002,1939,1938,2001
2001,1938,1937,2000
2000,1937,1936,1999
1999,1936,1935,1998
1998,1935,1934,1997
1997,1934,1933,1996
1996,1933,1932,1995
1995,1932,1931,1994
1994,1931,1930,1993
1993,1930,1929,1992
1992,1929,1928,1991
1991,1928,1927,1990
1990,1927,1926,1989
1989,1926,1925,1988
1988,1925,1924,1987
1987,1924,1923,1986
1986,1923,1922,1985
1985,1922,1921,1984
1984,1921,1920,1983
1983,1920,1919,1982
1982,1919,1918,1981
1981,1918,1917,1980
1980,1917,1916,1979
1979,1916,1915,1978
1978,1915,1914,1977
1977,1914,1913,1976
1976,1913,1912,1975
1975,1912,1911,1974
1974,1911,1910,1973
1973,1910,1909,1972
1972,1909,1908,1971
1971,1908,1907,1970
1970,1907,1906,1969
1969,1906,1905,1968
1968,1905,1904,1967
1967,1904,1903,1966
1966,1903,1902,1965
1965,1902,1901,1964
1964,1901,1900,1963
1963,1900,1899,1962
1962,1899,1898,1961
1961,1898,1897,1960
1960,1897,1896,1959
1959,1896,1895,1958
1958,1895,139,137
138,140,1894,1957
1957,1894,1893,1956
1956,1893,1892,1955
1955,1892,1891,1954
1954,1891,1890,1953
1953,1890,1889,1952
1952,1889,1888,1951
1951,1888,1887,1950
1950,1887,1886,1949
1949,1886,1885,1948
1948,1885,1884,1947
1947,1884,1883,1946
1946,1883,1882,1945
1945,1882,1881,1944
1944,1881,1880,1943
1943,1880,1879,1942
1942,1879,1878,1941
1941,1878,1877,1940
1940,1877,1876,1939
1939,1876,1875,1938
1938,1875,1874,1937
1937,1874,1873,1936
1936,1873,1872,1935
1935,1872,1871,1934
1934,1871,1870,1933
1933,1870,1869,1932
1932,1869,1868,1931
1931,1868,1867,1930
1930,1867,1866,1929
1929,1866,1865,1928
1928,1865,1864,1927
1927,1864,1863,1926
1926,1863,1862,1925
1925,1862,1861,1924
1924,1861,1860,1923
1923,1860,1859,1922
1922,1859,1858,1921
1921,1858,1857,1920
1920,1857,1856,1919
1919,1856,1855,1918
1918,1855,1854,1917
1917,1854,1853,1916
1916,1853,1852,1915
1915,1852,1851,1914
1914,1851,1850,1913
1913,1850,1849,1912
1912,1849,1848,1911
1911,1848,1847,1910
1910,1847,1846,1909
1909,1846,1845,1908
1908,1845,1844,1907
1907,1844,1843,1906
1906,1843,1842,1905
1905,1842,1841,1904
1904,1841,1840,1903
1903,1840,1839,1902
1902,1839,1838,1901
1901,1838,1837,1900
1900,1837,1836,1899
1899,1836,1835,1898
1898,1835,1834,1897
1897,1834,1833,1896
1896,1833,1832,1895
1895,1832,141,139
140,142,1831,1894
1894,1831,1830,1893
1893,1830,1829,1892
1892,1829,1828,1891
1891,1828,1827,1890
1890,1827,1826,1889
1889,1826,1825,1888
1888,1825,1824,1887
1887,1824,1823,1886
1886,1823,1822,1885
1885,1822,1821,1884
1884,1821,1820,1883
1883,1820,1819,1882
1882,1819,1818,1881
1881,1818,1817,1880
1880,1817,1816,1879
1879,1816,1815,1878
1878,1815,1814,1877
1877,1814,1813,1876
1876,1813,1812,1875
1875,1812,1811,1874
1874,1811,1810,1873
1873,1810,1809,1872
1872,1809,1808,1871
1871,1808,1807,1870
1870,1807,1806,1869
1869,1806,1805,1868
1868,1805,1804,1867
1867,1804,1803,1866
1866,1803,1802,1865
1865,1802,1801,1864
1864,1801,1800,1863
1863,1800,1799,1862
1862,1799,1798,1861
1861,1798,1797,1860
1860,1797,1796,1859
1859,1796,1795,1858
1858,1795,1794,1857
1857,1794,1793,1856
1856,1793,1792,1855
1855,1792,1791,1854
1854,1791,1790,1853
1853,1790,1789,1852
1852,1789,1788,1851
1851,1788,1787,1850
1850,1787,1786,1849
1849,1786,1785,1848
1848,1785,1784,1847
1847,1784,1783,1846
1846,1783,1782,1845
1845,1782,1781,1844
1844,1781,1780,1843
1843,1780,1779,1842
1842,1779,1778,1841
1841,1778,1777,1840
1840,1777,1776,1839
1839,1776,1775,1838
1838,1775,1774,1837
1837,1774,1773,1836
1836,1773,1772,1835
1835,1772,1771,1834
1834,1771,1770,1833
1833,1770,1769,1832
1832,1769,143,141
142,144,1768,1831
1831,1768,1767,1830
1830,1767,1766,1829
1829,1766,1765,1828
1828,1765,1764,1827
1827,1764,1763,1826
1826,1763,1762,1825
1825,1762,1761,1824
1824,1761,1760,1823
1823,1760,1759,1822
1822,1759,1758,1821
1821,1758,1757,1820
1820,1757,1756,1819
1819,1756,1755,1818
1818,1755,1754,1817
1817,1754,1753,1816
1816,1753,1752,1815
1815,1752,1751,1814
1814,1751,1750,1813
1813,1750,1749,1812
1812,1749,1748,1811
1811,1748,1747,1810
1810,1747,1746,1809
1809,1746,1745,1808
1808,1745,1744,1807
1807,1744,1743,1806
1806,1743,1742,1805
1805,1742,1741,1804
1804,1741,1740,1803
1803,1740,1739,1802
1802,1739,1738,1801
1801,1738,1737,1800
1800,1737,1736,1799
1799,1736,1735,1798
1798,1735,1734,1797
1797,1734,1733,1796
1796,1733,1732,1795
1795,1732,1731,1794
1794,1731,1730,1793
1793,1730,1729,1792
1792,1729,1728,1791
1791,1728,1727,1790
1790,1727,1726,1789
1789,1726,1725,1788
1788,1725,1724,1787
1787,1724,1723,1786
1786,1723,1722,1785
1785,1722,1721,1784
1784,1721,1720,1783
1783,1720,1719,1782
1782,1719,1718,1781
1781,1718,1717,1780
1780,1717,1716,1779
1779,1716,1715,1778
1778,1715,1714,1777
1777,1714,1713,1776
1776,1713,1712,1775
1775,1712,1711,1774
1774,1711,1710,1773
1773,1710,1709,1772
1772,1709,1708,1771
1771,1708,1707,1770
1770,1707,1706,1769
1769,1706,145,143
144,146,1705,1768
1768,1705,1704,1767
1767,1704,1703,1766
1766,1703,1702,1765
1765,1702,1701,1764
1764,1701,1700,1763
1763,1700,1699,1762
1762,1699,1698,1761
1761,1698,1697,1760
1760,1697,1696,1759
1759,1696,1695,1758
1758,1695,1694,1757
1757,1694,1693,1756
1756,1693,1692,1755
1755,1692,1691,1754
1754,1691,1690,1753
1753,1690,1689,1752
1752,1689,1688,1751
1751,1688,1687,1750
1750,1687,1686,1749
1749,1686,1685,1748
1748,1685,1684,1747
1747,1684,1683,1746
1746,1683,1682,1745
1745,1682,1681,1744
1744,1681,1680,1743
1743,1680,1679,1742
1742,1679,1678,1741
1741,1678,1677,1740
1740,1677,1676,1739
1739,1676,1675,1738
1738,1675,1674,1737
1737,1674,1673,1736
1736,1673,1672,1735
1735,1672,1671,1734
1734,1671,1670,1733
1733,1670,1669,1732
1732,1669,1668,1731
1731,1668,1667,1730
1730,1667,1666,1729
1729,1666,1665,1728
1728,1665,1664,1727
1727,1664,1663,1726
1726,1663,1662,1725
1725,1662,1661,1724
1724,1661,1660,1723
1723,1660,1659,1722
1722,1659,1658,1721
1721,1658,1657,1720
1720,1657,1656,1719
1719,1656,1655,1718
1718,1655,1654,1717
1717,1654,1653,1716
1716,1653,1652,1715
1715,1652,1651,1714
1714,1651,1650,1713
1713,1650,1649,1712
1712,1649,1648,1711
1711,1648,1647,1710
1710,1647,1646,1709
1709,1646,1645,1708
1708,1645,1644,1707
1707,1644,1643,1706
1706,1643,147,145
146,148,1642,1705
1705,1642,1641,1704
1704,1641,1640,1703
1703,1640,1639,1702
1702,1639,1638,1701
1701,1638,1637,1700
1700,1637,1636,1699
1699,1636,1635,1698
1698,1635,1634,1697
1697,1634,1633,1696
1696,1633,1632,1695
1695,1632,1631,1694
1694,1631,1630,1693
1693,1630,1629,1692
1692,1629,1628,1691
1691,1628,1627,1690
1690,1627,1626,1689
1689,1626,1625,1688
1688,1625,1624,1687
1687,1624,1623,1686
1686,1623,1622,1685
1685,1622,1621,1684
1684,1621,1620,1683
1683,1620,1619,1682
1682,1619,1618,1681
1681,1618,1617,1680
1680,1617,1616,1679
1679,1616,1615,1678
1678,1615,1614,1677
1677,1614,1613,1676
1676,1613,1612,1675
1675,1612,1611,1674
1674,1611,1610,1673
1673,1610,1609,1672
1672,1609,1608,1671
1671,1608,1607,1670
1670,1607,1606,1669
1669,1606,1605,1668
1668,1605,1604,1667
1667,1604,1603,1666
1666,1603,1602,1665
1665,1602,1601,1664
1664,1601,1600,1663
1663,1600,1599,1662
1662,1599,1598,1661
1661,1598,1597,1660
1660,1597,1596,1659
1659,1596,1595,1658
1658,1595,1594,1657
1657,1594,1593,1656
1656,1593,1592,1655
1655,1592,1591,1654
1654,1591,1590,1653
1653,1590,1589,1652
1652,1589,1588,1651
1651,1588,1587,1650
1650,1587,1586,1649
1649,1586,1585,1648
1648,1585,1584,1647
1647,1584,1583,1646
1646,1583,1582,1645
1645,1582,1581,1644
1644,1581,1580,1643
1643,1580,149,147
148,150,1579,1642
1642,1579,1578,1641
1641,1578,1577,1640
1640,1577,1576,1639
1639,1576,1575,1638
1638,1575,1574,1637
1637,1574,1573,1636
1636,1573,1572,1635
1635,1572,1571,1634
1634,1571,1570,1633
1633,1570,1569,1632
1632,1569,1568,1631
1631,1568,1567,1630
1630,1567,1566,1629
1629,1566,1565,1628
1628,1565,1564,1627
1627,1564,1563,1626
1626,1563,1562,1625
1625,1562,1561,1624
1624,1561,1560,1623
1623,1560,1559,1622
1622,1559,1558,1621
1621,1558,1557,1620
1620,1557,1556,1619
1619,1556,1555,1618
1618,1555,1554,1617
1617,1554,1553,1616
1616,1553,1552,1615
1615,1552,1551,1614
1614,1551,1550,1613
1613,1550,1549,1612
1612,1549,1548,1611
1611,1548,1547,1610
1610,1547,1546,1609
1609,1546,1545,1608
1608,1545,1544,1607
1607,1544,1543,1606
1606,1543,1542,1605
1605,1542,1541,1604
1604,1541,1540,1603
1603,1540,1539,1602
1602,1539,1538,1601
1601,1538,1537,1600
1600,1537,1536,1599
1599,1536,1535,1598
1598,1535,1534,1597
1597,1534,1533,1596
1596,1533,1532,1595
1595,1532,1531,1594
1594,1531,1530,1593
1593,1530,1529,1592
1592,1529,1528,1591
1591,1528,1527,1590
1590,1527,1526,1589
1589,1526,1525,1588
1588,1525,1524,1587
1587,1524,1523,1586
1586,1523,1522,1585
1585,1522,1521,1584
1584,1521,1520,1583
1583,1520,1519,1582
1582,1519,1518,1581
1581,1518,1517,1580
1580,1517,151,149
150,152,1516,1579
1579,1516,1515,1578
1578,1515,1514,1577
1577,1514,1513,1576
1576,1513,1512,1575
1575,1512,1511,1574
1574,1511,1510,1573
1573,1510,1509,1572
1572,1509,1508,1571
1571,1508,1507,1570
1570,1507,1506,1569
1569,1506,1505,1568
1568,1505,1504,1567
1567,1504,1503,1566
1566,1503,1502,1565
1565,1502,1501,1564
1564,1501,1500,1563
1563,1500,1499,1562
1562,1499,1498,1561
1561,1498,1497,1560
1560,1497,1496,1559
1559,1496,1495,1558
1558,1495,1494,1557
1557,1494,1493,1556
1556,1493,1492,1555
1555,1492,1491,1554
1554,1491,1490,1553
1553,1490,1489,1552
1552,1489,1488,1551
1551,1488,1487,1550
1550,1487,1486,1549
1549,1486,1485,1548
1548,1485,1484,1547
1547,1484,1483,1546
1546,1483,1482,1545
1545,1482,1481,1544
1544,1481,1480,1543
1543,1480,1479,1542
1542,1479,1478,1541
1541,1478,1477,1540
1540,1477,1476,1539
1539,1476,1475,1538
1538,1475,1474,1537
1537,1474,1473,1536
1536,1473,1472,1535
1535,1472,1471,1534
1534,1471,1470,1533
1533,1470,1469,1532
1532,1469,1468,1531
1531,1468,1467,1530
1530,1467,1466,1529
1529,1466,1465,1528
1528,1465,1464,1527
1527,1464,1463,1526
1526,1463,1462,1525
1525,1462,1461,1524
1524,1461,1460,1523
1523,1460,1459,1522
1522,1459,1458,1521
1521,1458,1457,1520
1520,1457,1456,1519
1519,1456,1455,1518
1518,1455,1454,1517
1517,1454,153,151
152,154,1453,1516
1516,1453,1452,1515
1515,1452,1451,1514
1514,1451,1450,1513
1513,1450,1449,1512
1512,1449,1448,1511
1511,1448,1447,1510
1510,1447,1446,1509
1509,1446,1445,1508
1508,1445,1444,1507
1507,1444,1443,1506
1506,1443,1442,1505
1505,1442,1441,1504
1504,1441,1440,1503
1503,1440,1439,1502
1502,1439,1438,1501
1501,1438,1437,1500
1500,1437,1436,1499
1499,1436,1435,1498
1498,1435,1434,1497
1497,1434,1433,1496
1496,1433,1432,1495
1495,1432,1431,1494
1494,1431,1430,1493
1493,1430,1429,1492
1492,1429,1428,1491
1491,1428,1427,1490
1490,1427,1426,1489
1489,1426,1425,1488
1488,1425,1424,1487
1487,1424,1423,1486
1486,1423,1422,1485
1485,1422,1421,1484
1484,1421,1420,1483
1483,1420,1419,1482
1482,1419,1418,1481
1481,1418,1417,1480
1480,1417,1416,1479
1479,1416,1415,1478
1478,1415,1414,1477
1477,1414,1413,1476
1476,1413,1412,1475
1475,1412,1411,1474
1474,1411,1410,1473
1473,1410,1409,1472
1472,1409,1408,1471
1471,1408,1407,1470
1470,1407,1406,1469
1469,1406,1405,1468
1468,1405,1404,1467
1467,1404,1403,1466
1466,1403,1402,1465
1465,1402,1401,1464
1464,1401,1400,1463
1463,1400,1399,1462
1462,1399,1398,1461
1461,1398,1397,1460
1460,1397,1396,1459
1459,1396,1395,1458
1458,1395,1394,1457
1457,1394,1393,1456
1456,1393,1392,1455
1455,1392,1391,1454
1454,1391,155,153
154,156,1390,1453
1453,1390,1389,1452
1452,1389,1388,1451
1451,1388,1387,1450
1450,1387,1386,1449
1449,1386,1385,1448
1448,1385,1384,1447
1447,1384,1383,1446
1446,1383,1382,1445
1445,1382,1381,1444
1444,1381,1380,1443
1443,1380,1379,1442
1442,1379,1378,1441
1441,1378,1377,1440
1440,1377,1376,1439
1439,1376,1375,1438
1438,1375,1374,1437
1437,1374,1373,1436
1436,1373,1372,1435
1435,1372,1371,1434
1434,1371,1370,1433
1433,1370,1369,1432
1432,1369,1368,1431
1431,1368,1367,1430
1430,1367,1366,1429
1429,1366,1365,1428
1428,1365,1364,1427
1427,1364,1363,1426
1426,1363,1362,1425
1425,1362,1361,1424
1424,1361,1360,1423
1423,1360,1359,1422
1422,1359,1358,1421
1421,1358,1357,1420
1420,1357,1356,1419
1419,1356,1355,1418
1418,1355,1354,1417
1417,1354,1353,1416
1416,1353,1352,1415
1415,1352,1351,1414
1414,1351,1350,1413
1413,1350,1349,1412
1412,1349,1348,1411
1411,1348,1347,1410
1410,1347,1346,1409
1409,1346,1345,1408
1408,1345,1344,1407
1407,1344,1343,1406
1406,1343,1342,1405
1405,1342,1341,1404
1404,1341,1340,1403
1403,1340,1339,1402
1402,1339,1338,1401
1401,1338,1337,1400
1400,1337,1336,1399
1399,1336,1335,1398
1398,1335,1334,1397
1397,1334,1333,1396
1396,1333,1332,1395
1395,1332,1331,1394
1394,1331,1330,1393
1393,1330,1329,1392
1392,1329,1328,1391
1391,1328,157,155
156,158,1327,1390
1390,1327,1326,1389
1389,1326,1325,1388
1388,1325,1324,1387
1387,1324,1323,1386
1386,1323,1322,1385
1385,1322,1321,1384
1384,1321,1320,1383
1383,1320,1319,1382
1382,1319,1318,1381
1381,1318,1317,1380
1380,1317,1316,1379
1379,1316,1315,1378
1378,1315,1314,1377
1377,1314,1313,1376
1376,1313,1312,1375
1375,1312,1311,1374
1374,1311,1310,1373
1373,1310,1309,1372
1372,1309,1308,1371
1371,1308,1307,1370
1370,1307,1306,1369
1369,1306,1305,1368
1368,1305,1304,1367
1367,1304,1303,1366
1366,1303,1302,1365
1365,1302,1301,1364
1364,1301,1300,1363
1363,1300,1299,1362
1362,1299,1298,1361
1361,1298,1297,1360
1360,1297,1296,1359
1359,1296,1295,1358
1358,1295,1294,1357
1357,1294,1293,1356
1356,1293,1292,1355
1355,1292,1291,1354
1354,1291,1290,1353
1353,1290,1289,1352
1352,1289,1288,1351
1351,1288,1287,1350
1350,1287,1286,1349
1349,1286,1285,1348
1348,1285,1284,1347
1347,1284,1283,1346
1346,1283,1282,1345
1345,1282,1281,1344
1344,1281,1280,1343
1343,1280,1279,1342
1342,1279,1278,1341
1341,1278,1277,1340
1340,1277,1276,1339
1339,1276,1275,1338
1338,1275,1274,1337
1337,1274,1273,1336
1336,1273,1272,1335
1335,1272,1271,1334
1334,1271,1270,1333
1333,1270,1269,1332
1332,1269,1268,1331
1331,1268,1267,1330
1330,1267,1266,1329
1329,1266,1265,1328
1328,1265,159,157
158,160,1264,1327
1327,1264,1263,1326
1326,1263,1262,1325
1325,1262,1261,1324
1324,1261,1260,1323
1323,1260,1259,1322
1322,1259,1258,1321
1321,1258,1257,1320
1320,1257,1256,1319
1319,1256,1255,1318
1318,1255,1254,1317
1317,1254,1253,1316
1316,1253,1252,1315
1315,1252,1251,1314
1314,1251,1250,1313
1313,1250,1249,1312
1312,1249,1248,1311
1311,1248,1247,1310
1310,1247,1246,1309
1309,1246,1245,1308
1308,1245,1244,1307
1307,1244,1243,1306
1306,1243,1242,1305
1305,1242,1241,1304
1304,1241,1240,1303
1303,1240,1239,1302
1302,1239,1238,1301
1301,1238,1237,1300
1300,1237,1236,1299
1299,1236,1235,1298
1298,1235,1234,1297
1297,1234,1233,1296
1296,1233,1232,1295
1295,1232,1231,1294
1294,1231,1230,1293
1293,1230,1229,1292
1292,1229,1228,1291
1291,1228,1227,1290
1290,1227,1226,1289
1289,1226,1225,1288
1288,1225,1224,1287
1287,1224,1223,1286
1286,1223,1222,1285
1285,1222,1221,1284
1284,1221,1220,1283
1283,1220,1219,1282
1282,1219,1218,1281
1281,1218,1217,1280
1280,1217,1216,1279
1279,1216,1215,1278
1278,1215,1214,1277
1277,1214,1213,1276
1276,1213,1212,1275
1275,1212,1211,1274
1274,1211,1210,1273
1273,1210,1209,1272
1272,1209,1208,1271
1271,1208,1207,1270
1270,1207,1206,1269
1269,1206,1205,1268
1268,1205,1204,1267
1267,1204,1203,1266
1266,1203,1202,1265
1265,1202,161,159
160,162,1201,1264
1264,1201,1200,1263
1263,1200,1199,1262
1262,1199,1198,1261
1261,1198,1197,1260
1260,1197,1196,1259
1259,1196,1195,1258
1258,1195,1194,1257
1257,1194,1193,1256
1256,1193,1192,1255
1255,1192,1191,1254
1254,1191,1190,1253
1253,1190,1189,1252
1252,1189,1188,1251
1251,1188,1187,1250
1250,1187,1186,1249
1249,1186,1185,1248
1248,1185,1184,1247
1247,1184,1183,1246
1246,1183,1182,1245
1245,1182,1181,1244
1244,1181,1180,1243
1243,1180,1179,1242
1242,1179,1178,1241
1241,1178,1177,1240
1240,1177,1176,1239
1239,1176,1175,1238
1238,1175,1174,1237
1237,1174,1173,1236
1236,1173,1172,1235
1235,1172,1171,1234
1234,1171,1170,1233
1233,1170,1169,1232
1232,1169,1168,1231
1231,1168,1167,1230
1230,1167,1166,1229
1229,1166,1165,1228
1228,1165,1164,1227
1227,1164,1163,1226
1226,1163,1162,1225
1225,1162,1161,1224
1224,1161,1160,1223
1223,1160,1159,1222
1222,1159,1158,1221
1221,1158,1157,1220
1220,1157,1156,1219
1219,1156,1155,1218
1218,1155,1154,1217
1217,1154,1153,1216
1216,1153,1152,1215
1215,1152,1151,1214
1214,1151,1150,1213
1213,1150,1149,1212
1212,1149,1148,1211
1211,1148,1147,1210
1210,1147,1146,1209
1209,1146,1145,1208
1208,1145,1144,1207
1207,1144,1143,1206
1206,1143,1142,1205
1205,1142,1141,1204
1204,1141,1140,1203
1203,1140,1139,1202
1202,1139,163,161
162,164,1138,1201
1201,1138,1137,1200
1200,1137,1136,1199
1199,1136,1135,1198
1198,1135,1134,1197
1197,1134,1133,1196
1196,1133,1132,1195
1195,1132,1131,1194
1194,1131,1130,1193
1193,1130,1129,1192
1192,1129,1128,1191
1191,1128,1127,1190
1190,1127,1126,1189
1189,1126,1125,1188
1188,1125,1124,1187
1187,1124,1123,1186
1186,1123,1122,1185
1185,1122,1121,1184
1184,1121,1120,1183
1183,1120,1119,1182
1182,1119,1118,1181
1181,1118,1117,1180
1180,1117,1116,1179
1179,1116,1115,1178
1178,1115,1114,1177
1177,1114,1113,1176
1176,1113,1112,1175
1175,1112,1111,1174
1174,1111,1110,1173
1173,1110,1109,1172
1172,1109,1108,1171
1171,1108,1107,1170
1170,1107,1106,1169
1169,1106,1105,1168
1168,1105,1104,1167
1167,1104,1103,1166
1166,1103,1102,1165
1165,1102,1101,1164
1164,1101,1100,1163
1163,1100,1099,1162
1162,1099,1098,1161
1161,1098,1097,1160
1160,1097,1096,1159
1159,1096,1095,1158
1158,1095,1094,1157
1157,1094,1093,1156
1156,1093,1092,1155
1155,1092,1091,1154
1154,1091,1090,1153
1153,1090,1089,1152
1152,1089,1088,1151
1151,1088,1087,1150
1150,1087,1086,1149
1149,1086,1085,1148
1148,1085,1084,1147
1147,1084,1083,1146
1146,1083,1082,1145
1145,1082,1081,1144
1144,1081,1080,1143
1143,1080,1079,1142
1142,1079,1078,1141
1141,1078,1077,1140
1140,1077,1076,1139
1139,1076,165,163
164,166,1075,1138
1138,1075,1074,1137
1137,1074,1073,1136
1136,1073,1072,1135
1135,1072,1071,1134
1134,1071,1070,1133
1133,1070,1069,1132
1132,1069,1068,1131
1131,1068,1067,1130
1130,1067,1066,1129
1129,1066,1065,1128
1128,1065,1064,1127
1127,1064,1063,1126
1126,1063,1062,1125
1125,1062,1061,1124
1124,1061,1060,1123
1123,1060,1059,1122
1122,1059,1058,1121
1121,1058,1057,1120
1120,1057,1056,1119
1119,1056,1055,1118
1118,1055,1054,1117
1117,1054,1053,1116
1116,1053,1052,1115
1115,1052,1051,1114
1114,1051,1050,1113
1113,1050,1049,1112
1112,1049,1048,1111
1111,1048,1047,1110
1110,1047,1046,1109
1109,1046,1045,1108
1108,1045,1044,1107
1107,1044,1043,1106
1106,1043,1042,1105
1105,1042,1041,1104
1104,1041,1040,1103
1103,1040,1039,1102
1102,1039,1038,1101
1101,1038,1037,1100
1100,1037,1036,1099
1099,1036,1035,1098
1098,1035,1034,1097
1097,1034,1033,1096
1096,1033,1032,1095
1095,1032,1031,1094
1094,1031,1030,1093
1093,1030,1029,1092
1092,1029,1028,1091
1091,1028,1027,1090
1090,1027,1026,1089
1089,1026,1025,1088
1088,1025,1024,1087
1087,1024,1023,1086
1086,1023,1022,1085
1085,1022,1021,1084
1084,1021,1020,1083
1083,1020,1019,1082
1082,1019,1018,1081
1081,1018,1017,1080
1080,1017,1016,1079
1079,1016,1015,1078
1078,1015,1014,1077
1077,1014,1013,1076
1076,1013,167,165
166,168,1012,1075
1075,1012,1011,1074
1074,1011,1010,1073
1073,1010,1009,1072
1072,1009,1008,1071
1071,1008,1007,1070
1070,1007,1006,1069
1069,1006,1005,1068
1068,1005,1004,1067
1067,1004,1003,1066
1066,1003,1002,1065
1065,1002,1001,1064
1064,1001,1000,1063
1063,1000,999,1062
1062,999,998,1061
1061,998,997,1060
1060,997,996,1059
1059,996,995,1058
1058,995,994,1057
1057,994,993,1056
1056,993,992,1055
1055,992,991,1054
1054,991,990,1053
1053,990,989,1052
1052,989,988,1051
1051,988,987,1050
1050,987,986,1049
1049,986,985,1048
1048,985,984,1047
1047,984,983,1046
1046,983,982,1045
1045,982,981,1044
1044,981,980,1043
1043,980,979,1042
1042,979,978,1041
1041,978,977,1040
1040,977,976,1039
1039,976,975,1038
1038,975,974,1037
1037,974,973,1036
1036,973,972,1035
1035,972,971,1034
1034,971,970,1033
1033,970,969,1032
1032,969,968,1031
1031,968,967,1030
1030,967,966,1029
1029,966,965,1028
1028,965,964,1027
1027,964,963,1026
1026,963,962,1025
1025,962,961,1024
1024,961,960,1023
1023,960,959,1022
1022,959,958,1021
1021,958,957,1020
1020,957,956,1019
1019,956,955,1018
1018,955,954,1017
1017,954,953,1016
1016,953,952,1015
1015,952,951,1014
1014,951,950,1013
1013,950,169,167
168,170,949,1012
1012,949,948,1011
1011,948,947,1010
1010,947,946,1009
1009,946,945,1008
1008,945,944,1007
1007,944,943,1006
1006,943,942,1005
1005,942,941,1004
1004,941,940,1003
1003,940,939,1002
1002,939,938,1001
1001,938,937,1000
1000,937,936,999
999,936,935,998
998,935,934,997
997,934,933,996
996,933,932,995
995,932,931,994
994,931,930,993
993,930,929,992
992,929,928,991
991,928,927,990
990,927,926,989
989,926,925,988
988,925,924,987
987,924,923,986
986,923,922,985
985,922,921,984
984,921,920,983
983,920,919,982
982,919,918,981
981,918,917,980
980,917,916,979
979,916,915,978
978,915,914,977
977,914,913,976
976,913,912,975
975,912,911,974
974,911,910,973
973,910,909,972
972,909,908,971
971,908,907,970
970,907,906,969
969,906,905,968
968,905,904,967
967,904,903,966
966,903,902,965
965,902,901,964
964,901,900,963
963,900,899,962
962,899,898,961
961,898,897,960
960,897,896,959
959,896,895,958
958,895,894,957
957,894,893,956
956,893,892,955
955,892,891,954
954,891,890,953
953,890,889,952
952,889,888,951
951,888,887,950
950,887,171,169
170,172,886,949
949,886,885,948
948,885,884,947
947,884,883,946
946,883,882,945
945,882,881,944
944,881,880,943
943,880,879,942
942,879,878,941
941,878,877,940
940,877,876,939
939,876,875,938
938,875,874,937
937,874,873,936
936,873,872,935
935,872,871,934
934,871,870,933
933,870,869,932
932,869,868,931
931,868,867,930
930,867,866,929
929,866,865,928
928,865,864,927
927,864,863,926
926,863,862,925
925,862,861,924
924,861,860,923
923,860,859,922
922,859,858,921
921,858,857,920
920,857,856,919
919,856,855,918
918,855,854,917
917,854,853,916
916,853,852,915
915,852,851,914
914,851,850,913
913,850,849,912
912,849,848,911
911,848,847,910
910,847,846,909
909,846,845,908
908,845,844,907
907,844,843,906
906,843,842,905
905,842,841,904
904,841,840,903
903,840,839,902
902,839,838,901
901,838,837,900
900,837,836,899
899,836,835,898
898,835,834,897
897,834,833,896
896,833,832,895
895,832,831,894
894,831,830,893
893,830,829,892
892,829,828,891
891,828,827,890
890,827,826,889
889,826,825,888
888,825,824,887
887,824,173,171
172,174,823,886
886,823,822,885
885,822,821,884
884,821,820,883
883,820,819,882
882,819,818,881
881,818,817,880
880,817,816,879
879,816,815,878
878,815,814,877
877,814,813,876
876,813,812,875
875,812,811,874
874,811,810,873
873,810,809,872
872,809,808,871
871,808,807,870
870,807,806,869
869,806,805,868
868,805,804,867
867,804,803,866
866,803,802,865
865,802,801,864
864,801,800,863
863,800,799,862
862,799,798,861
861,798,797,860
860,797,796,859
859,796,795,858
858,795,794,857
857,794,793,856
856,793,792,855
855,792,791,854
854,791,790,853
853,790,789,852
852,789,788,851
851,788,787,850
850,787,786,849
849,786,785,848
848,785,784,847
847,784,783,846
846,783,782,845
845,782,781,844
844,781,780,843
843,780,779,842
842,779,778,841
841,778,777,840
840,777,776,839
839,776,775,838
838,775,774,837
837,774,773,836
836,773,772,835
835,772,771,834
834,771,770,833
833,770,769,832
832,769,768,831
831,768,767,830
830,767,766,829
829,766,765,828
828,765,764,827
827,764,763,826
826,763,762,825
825,762,761,824
824,761,175,173
174,176,760,823
823,760,759,822
822,759,758,821
821,758,757,820
820,757,756,819
819,756,755,818
818,755,754,817
817,754,753,816
816,753,752,815
815,752,751,814
814,751,750,813
813,750,749,812
812,749,748,811
811,748,747,810
810,747,746,809
809,746,745,808
808,745,744,807
807,744,743,806
806,743,742,805
805,742,741,804
804,741,740,803
803,740,739,802
802,739,738,801
801,738,737,800
800,737,736,799
799,736,735,798
798,735,734,797
797,734,733,796
796,733,732,795
795,732,731,794
794,731,730,793
793,730,729,792
792,729,728,791
791,728,727,790
790,727,726,789
789,726,725,788
788,725,724,787
787,724,723,786
786,723,722,785
785,722,721,784
784,721,720,783
783,720,719,782
782,719,718,781
781,718,717,780
780,717,716,779
779,716,715,778
778,715,714,777
777,714,713,776
776,713,712,775
775,712,711,774
774,711,710,773
773,710,709,772
772,709,708,771
771,708,707,770
770,707,706,769
769,706,705,768
768,705,704,767
767,704,703,766
766,703,702,765
765,702,701,764
764,701,700,763
763,700,699,762
762,699,698,761
761,698,177,175
176,178,697,760
760,697,696,759
759,696,695,758
758,695,694,757
757,694,693,756
756,693,692,755
755,692,691,754
754,691,690,753
753,690,689,752
752,689,688,751
751,688,687,750
750,687,686,749
749,686,685,748
748,685,684,747
747,684,683,746
746,683,682,745
745,682,681,744
744,681,680,743
743,680,679,742
742,679,678,741
741,678,677,740
740,677,676,739
739,676,675,738
738,675,674,737
737,674,673,736
736,673,672,735
735,672,671,734
734,671,670,733
733,670,669,732
732,669,668,731
731,668,667,730
730,667,666,729
729,666,665,728
728,665,664,727
727,664,663,726
726,663,662,725
725,662,661,724
724,661,660,723
723,660,659,722
722,659,658,721
721,658,657,720
720,657,656,719
719,656,655,718
718,655,654,717
717,654,653,716
716,653,652,715
715,652,651,714
714,651,650,713
713,650,649,712
712,649,648,711
711,648,647,710
710,647,646,709
709,646,645,708
708,645,644,707
707,644,643,706
706,643,642,705
705,642,641,704
704,641,640,703
703,640,639,702
702,639,638,701
701,638,637,700
700,637,636,699
699,636,635,698
698,635,179,177
178,180,634,697
697,634,633,696
696,633,632,695
695,632,631,694
694,631,630,693
693,630,629,692
692,629,628,691
691,628,627,690
690,627,626,689
689,626,625,688
688,625,624,687
687,624,623,686
686,623,622,685
685,622,621,684
684,621,620,683
683,620,619,682
682,619,618,681
681,618,617,680
680,617,616,679
679,616,615,678
678,615,614,677
677,614,613,676
676,613,612,675
675,612,611,674
674,611,610,673
673,610,609,672
672,609,608,671
671,608,607,670
670,607,606,669
669,606,605,668
668,605,604,667
667,604,603,666
666,603,602,665
665,602,601,664
664,601,600,663
663,600,599,662
662,599,598,661
661,598,597,660
660,597,596,659
659,596,595,658
658,595,594,657
657,594,593,656
656,593,592,655
655,592,591,654
654,591,590,653
653,590,589,652
652,589,588,651
651,588,587,650
650,587,586,649
649,586,585,648
648,585,584,647
647,584,583,646
646,583,582,645
645,582,581,644
644,581,580,643
643,580,579,642
642,579,578,641
641,578,577,640
640,577,576,639
639,576,575,638
638,575,574,637
637,574,573,636
636,573,572,635
635,572,181,179
180,182,571,634
634,571,570,633
633,570,569,632
632,569,568,631
631,568,567,630
630,567,566,629
629,566,565,628
628,565,564,627
627,564,563,626
626,563,562,625
625,562,561,624
624,561,560,623
623,560,559,622
622,559,558,621
621,558,557,620
620,557,556,619
619,556,555,618
618,555,554,617
617,554,553,616
616,553,552,615
615,552,551,614
614,551,550,613
613,550,549,612
612,549,548,611
611,548,547,610
610,547,546,609
609,546,545,608
608,545,544,607
607,544,543,606
606,543,542,605
605,542,541,604
604,541,540,603
603,540,539,602
602,539,538,601
601,538,537,600
600,537,536,599
599,536,535,598
598,535,534,597
597,534,533,596
596,533,532,595
595,532,531,594
594,531,530,593
593,530,529,592
592,529,528,591
591,528,527,590
590,527,526,589
589,526,525,588
588,525,524,587
587,524,523,586
586,523,522,585
585,522,521,584
584,521,520,583
583,520,519,582
582,519,518,581
581,518,517,580
580,517,516,579
579,516,515,578
578,515,514,577
577,514,513,576
576,513,512,575
575,512,511,574
574,511,510,573
573,510,509,572
572,509,183,181
182,184,508,571
571,508,507,570
570,507,506,569
569,506,505,568
568,505,504,567
567,504,503,566
566,503,502,565
565,502,501,564
564,501,500,563
563,500,499,562
562,499,498,561
561,498,497,560
560,497,496,559
559,496,495,558
558,495,494,557
557,494,493,556
556,493,492,555
555,492,491,554
554,491,490,553
553,490,489,552
552,489,488,551
551,488,487,550
550,487,486,549
549,486,485,548
548,485,484,547
547,484,483,546
546,483,482,545
545,482,481,544
544,481,480,543
543,480,479,542
542,479,478,541
541,478,477,540
540,477,476,539
539,476,475,538
538,475,474,537
537,474,473,536
536,473,472,535
535,472,471,534
534,471,470,533
533,470,469,532
532,469,468,531
531,468,467,530
530,467,466,529
529,466,465,528
528,465,464,527
527,464,463,526
526,463,462,525
525,462,461,524
524,461,460,523
523,460,459,522
522,459,458,521
521,458,457,520
520,457,456,519
519,456,455,518
518,455,454,517
517,454,453,516
516,453,452,515
515,452,451,514
514,451,450,513
513,450,449,512
512,449,448,511
511,448,447,510
510,447,446,509
509,446,185,183
184,186,445,508
508,445,444,507
507,444,443,506
506,443,442,505
505,442,441,504
504,441,440,503
503,440,439,502
502,439,438,501
501,438,437,500
500,437,436,499
499,436,435,498
498,435,434,497
497,434,433,496
496,433,432,495
495,432,431,494
494,431,430,493
493,430,429,492
492,429,428,491
491,428,427,490
490,427,426,489
489,426,425,488
488,425,424,487
487,424,423,486
486,423,422,485
485,422,421,484
484,421,420,483
483,420,419,482
482,419,418,481
481,418,417,480
480,417,416,479
479,416,415,478
478,415,414,477
477,414,413,476
476,413,412,475
475,412,411,474
474,411,410,473
473,410,409,472
472,409,408,471
471,408,407,470
470,407,406,469
469,406,405,468
468,405,404,467
467,404,403,466
466,403,402,465
465,402,401,464
464,401,400,463
463,400,399,462
462,399,398,461
461,398,397,460
460,397,396,459
459,396,395,458
458,395,394,457
457,394,393,456
456,393,392,455
455,392,391,454
454,391,390,453
453,390,389,452
452,389,388,451
451,388,387,450
450,387,386,449
449,386,385,448
448,385,384,447
447,384,383,446
446,383,187,185
186,188,382,445
445,382,381,444
444,381,380,443
443,380,379,442
442,379,378,441
441,378,377,440
440,377,376,439
439,376,375,438
438,375,374,437
437,374,373,436
436,373,372,435
435,372,371,434
434,371,370,433
433,370,369,432
432,369,368,431
431,368,367,430
430,367,366,429
429,366,365,428
428,365,364,427
427,364,363,426
426,363,362,425
425,362,361,424
424,361,360,423
423,360,359,422
422,359,358,421
421,358,357,420
420,357,356,419
419,356,355,418
418,355,354,417
417,354,353,416
416,353,352,415
415,352,351,414
414,351,350,413
413,350,349,412
412,349,348,411
411,348,347,410
410,347,346,409
409,346,345,408
408,345,344,407
407,344,343,406
406,343,342,405
405,342,341,404
404,341,340,403
403,340,339,402
402,339,338,401
401,338,337,400
400,337,336,399
399,336,335,398
398,335,334,397
397,334,333,396
396,333,332,395
395,332,331,394
394,331,330,393
393,330,329,392
392,329,328,391
391,328,327,390
390,327,326,389
389,326,325,388
388,325,324,387
387,324,323,386
386,323,322,385
385,322,321,384
384,321,320,383
383,320,189,187
188,190,319,382
382,319,318,381
381,318,317,380
380,317,316,379
379,316,315,378
378,315,314,377
377,314,313,376
376,313,312,375
375,312,311,374
374,311,310,373
373,310,309,372
372,309,308,371
371,308,307,370
370,307,306,369
369,306,305,368
368,305,304,367
367,304,303,366
366,303,302,365
365,302,301,364
364,301,300,363
363,300,299,362
362,299,298,361
361,298,297,360
360,297,296,359
359,296,295,358
358,295,294,357
357,294,293,356
356,293,292,355
355,292,291,354
354,291,290,353
353,290,289,352
352,289,288,351
351,288,287,350
350,287,286,349
349,286,285,348
348,285,284,347
347,284,283,346
346,283,282,345
345,282,281,344
344,281,280,343
343,280,279,342
342,279,278,341
341,278,277,340
340,277,276,339
339,276,275,338
338,275,274,337
337,274,273,336
336,273,272,335
335,272,271,334
334,271,270,333
333,270,269,332
332,269,268,331
331,268,267,330
330,267,266,329
329,266,265,328
328,265,264,327
327,264,263,326
326,263,262,325
325,262,261,324
324,261,260,323
323,260,259,322
322,259,258,321
321,258,257,320
320,257,191,189
190,192,193,319
319,193,194,318
318,194,195,317
317,195,196,316
316,196,197,315
315,197,198,314
314,198,199,313
313,199,200,312
312,200,201,311
311,201,202,310
310,202,203,309
309,203,204,308
308,204,205,307
307,205,206,306
306,206,207,305
305,207,208,304
304,208,209,303
303,209,210,302
302,210,211,301
301,211,212,300
300,212,213,299
299,213,214,298
298,214,215,297
297,215,216,296
296,216,217,295
295,217,218,294
294,218,219,293
293,219,220,292
292,220,221,291
291,221,222,290
290,222,223,289
289,223,224,288
288,224,225,287
287,225,226,286
286,226,227,285
285,227,228,284
284,228,229,283
283,229,230,282
282,230,231,281
281,231,232,280
280,232,233,279
279,233,234,278
278,234,235,277
277,235,236,276
276,236,237,275
275,237,238,274
274,238,239,273
273,239,240,272
272,240,241,271
271,241,242,270
270,242,243,269
269,243,244,268
268,244,245,267
267,245,246,266
266,246,247,265
265,247,248,264
264,248,249,263
263,249,250,262
262,250,251,261
261,251,252,260
260,252,253,259
259,253,254,258
258,254,255,257
257,255,256,191
