0
0
0
0
0
0
0
0
0
0
0
0
0
0
0
0
0
0
8.40781e-16
0
3.28056e-16
0
-7.1278e-16
0
-6.06169e-16
0
4.76264e-16
0
7.91998e-16
0
-1.67242e-16
0
-8.57253e-16
0
-1.67242e-16
0
7.91998e-16
0
4.76264e-16
0
-6.06169e-16
0
-7.1278e-16
0
3.28056e-16
0
8.40781e-16
0
8.40781e-16
3.28056e-16
-7.1278e-16
-6.06169e-16
4.76264e-16
7.91998e-16
-1.67242e-16
-8.57253e-16
-1.67242e-16
7.91998e-16
4.76264e-16
-6.06169e-16
-7.1278e-16
3.28056e-16
8.40781e-16
7.34882e-31
0.84445
0.329488
-0.715891
-0.608815
0.478343
0.795455
-0.167972
-0.860994
-0.167972
0.795455
0.478343
-0.608815
-0.715891
0.329488
0.84445
0.329488
0.12856
-0.279327
-0.237548
0.18664
0.310371
-0.0655393
-0.335943
-0.0655393
0.310371
0.18664
-0.237548
-0.279327
0.12856
0.329488
-0.715891
-0.279327
0.606903
0.516128
-0.405519
-0.674354
0.142399
0.729916
0.142399
-0.674354
-0.405519
0.516128
0.606903
-0.279327
-0.715891
-0.608815
-0.237548
0.516128
0.438931
-0.344866
-0.573491
0.121101
0.620742
0.121101
-0.573491
-0.344866
0.438931
0.516128
-0.237548
-0.608815
0.478343
0.18664
-0.405519
-0.344866
0.270959
0.450589
-0.0951483
-0.487714
-0.0951483
0.450589
0.270959
-0.344866
-0.405519
0.18664
0.478343
0.795455
0.310371
-0.674354
-0.573491
0.450589
0.749302
-0.158226
-0.811039
-0.158226
0.749302
0.450589
-0.573491
-0.674354
0.310371
0.795455
-0.167972
-0.0655393
0.142399
0.121101
-0.0951483
-0.158226
0.0334116
0.171262
0.0334116
-0.158226
-0.0951483
0.121101
0.142399
-0.0655393
-0.167972
-0.860994
-0.335943
0.729916
0.620742
-0.487714
-0.811039
0.171262
0.877862
0.171262
-0.811039
-0.487714
0.620742
0.729916
-0.335943
-0.860994
-0.167972
-0.0655393
0.142399
0.121101
-0.0951483
-0.158226
0.0334116
0.171262
0.0334116
-0.158226
-0.0951483
0.121101
0.142399
-0.0655393
-0.167972
0.795455
0.310371
-0.674354
-0.573491
0.450589
0.749302
-0.158226
-0.811039
-0.158226
0.749302
0.450589
-0.573491
-0.674354
0.310371
0.795455
0.478343
0.18664
-0.405519
-0.344866
0.270959
0.450589
-0.0951483
-0.487714
-0.0951483
0.450589
0.270959
-0.344866
-0.405519
0.18664
0.478343
-0.608815
-0.237548
0.516128
0.438931
-0.344866
-0.573491
0.121101
0.620742
0.121101
-0.573491
-0.344866
0.438931
0.516128
-0.237548
-0.608815
-0.715891
-0.279327
0.606903
0.516128
-0.405519
-0.674354
0.142399
0.729916
0.142399
-0.674354
-0.405519
0.516128
0.606903
-0.279327
-0.715891
0.329488
0.12856
-0.279327
-0.237548
0.18664
0.310371
-0.0655393
-0.335943
-0.0655393
0.310371
0.18664
-0.237548
-0.279327
0.12856
0.329488
0.84445
0.329488
-0.715891
-0.608815
0.478343
0.795455
-0.167972
-0.860994
-0.167972
0.795455
0.478343
-0.608815
-0.715891
0.329488
0.84445
