0
0
0
0
0
0
0
0
0
0
0
0
0
0
0
0
0
0
0
0
0
0
0
0
0
0
0
0
0
0
0
0
0
0
5.43835e-16
0
8.40781e-16
0
7.56029e-16
0
3.28056e-16
0
-2.48847e-16
0
-7.1278e-16
0
-8.53125e-16
0
-6.06169e-16
0
-8.40255e-17
0
4.76264e-16
0
8.2034e-16
0
7.91998e-16
0
4.04106e-16
0
-1.67242e-16
0
-6.62665e-16
0
-8.57253e-16
0
-6.62665e-16
0
-1.67242e-16
0
4.04106e-16
0
7.91998e-16
0
8.2034e-16
0
4.76264e-16
0
-8.40255e-17
0
-6.06169e-16
0
-8.53125e-16
0
-7.1278e-16
0
-2.48847e-16
0
3.28056e-16
0
7.56029e-16
0
8.40781e-16
0
5.43835e-16
0
5.43835e-16
8.40781e-16
7.56029e-16
3.28056e-16
-2.48847e-16
-7.1278e-16
-8.53125e-16
-6.06169e-16
-8.40255e-17
4.76264e-16
8.2034e-16
7.91998e-16
4.04106e-16
-1.67242e-16
-6.62665e-16
-8.57253e-16
-6.62665e-16
-1.67242e-16
4.04106e-16
7.91998e-16
8.2034e-16
4.76264e-16
-8.40255e-17
-6.06169e-16
-8.53125e-16
-7.1278e-16
-2.48847e-16
3.28056e-16
7.56029e-16
8.40781e-16
5.43835e-16
7.34882e-31
0.0398686
0.0616376
0.0554245
0.0240498
-0.018243
-0.0522539
-0.0625426
-0.0444383
-0.00615991
0.0349149
0.0601391
0.0580614
0.029625
-0.0122605
-0.04858
-0.0628452
-0.04858
-0.0122605
0.029625
0.0580614
0.0601391
0.0349149
-0.00615991
-0.0444383
-0.0625426
-0.0522539
-0.018243
0.0240498
0.0554245
0.0616376
0.0398686
0.0616376
0.0952931
0.0856875
0.0371815
-0.0282041
-0.0807856
-0.0966921
-0.0687025
-0.00952335
0.0539792
0.0929763
0.0897641
0.0458009
-0.018955
-0.0751057
-0.09716
-0.0751057
-0.018955
0.0458009
0.0897641
0.0929763
0.0539792
-0.00952335
-0.0687025
-0.0966921
-0.0807856
-0.0282041
0.0371815
0.0856875
0.0952931
0.0616376
0.0554245
0.0856875
0.0770501
0.0334336
-0.0253611
-0.0726423
-0.0869455
-0.0617772
-0.00856338
0.0485381
0.0836042
0.0807158
0.0411841
-0.0170443
-0.067535
-0.0873662
-0.067535
-0.0170443
0.0411841
0.0807158
0.0836042
0.0485381
-0.00856338
-0.0617772
-0.0869455
-0.0726423
-0.0253611
0.0334336
0.0770501
0.0856875
0.0554245
0.0240498
0.0371815
0.0334336
0.0145075
-0.0110047
-0.031521
-0.0377274
-0.0268064
-0.00371582
0.0210616
0.0362776
0.0350242
0.0178706
-0.00739586
-0.0293048
-0.03791
-0.0293048
-0.00739586
0.0178706
0.0350242
0.0362776
0.0210616
-0.00371582
-0.0268064
-0.0377274
-0.031521
-0.0110047
0.0145075
0.0334336
0.0371815
0.0240498
-0.018243
-0.0282041
-0.0253611
-0.0110047
0.0083476
0.0239102
0.0286181
0.020334
0.00281864
-0.0159763
-0.0275184
-0.0265676
-0.0135558
0.00561014
0.0222292
0.0287566
0.0222292
0.00561014
-0.0135558
-0.0265676
-0.0275184
-0.0159763
0.00281864
0.020334
0.0286181
0.0239102
0.0083476
-0.0110047
-0.0253611
-0.0282041
-0.018243
-0.0522539
-0.0807856
-0.0726423
-0.031521
0.0239102
0.0684867
0.0819716
0.0582432
0.0080735
-0.0457614
-0.0788215
-0.0760984
-0.0388281
0.0160693
0.0636715
0.0823683
0.0636715
0.0160693
-0.0388281
-0.0760984
-0.0788215
-0.0457614
0.0080735
0.0582432
0.0819716
0.0684867
0.0239102
-0.031521
-0.0726423
-0.0807856
-0.0522539
-0.0625426
-0.0966921
-0.0869455
-0.0377274
0.0286181
0.0819716
0.0981117
0.0697112
0.00966316
-0.0547717
-0.0943414
-0.091082
-0.0464733
0.0192333
0.0762084
0.0985865
0.0762084
0.0192333
-0.0464733
-0.091082
-0.0943414
-0.0547717
0.00966316
0.0697112
0.0981117
0.0819716
0.0286181
-0.0377274
-0.0869455
-0.0966921
-0.0625426
-0.0444383
-0.0687025
-0.0617772
-0.0268064
0.020334
0.0582432
0.0697112
0.0495317
0.00686595
-0.0389168
-0.0670322
-0.0647163
-0.0330206
0.0136658
0.0541482
0.0700485
0.0541482
0.0136658
-0.0330206
-0.0647163
-0.0670322
-0.0389168
0.00686595
0.0495317
0.0697112
0.0582432
0.020334
-0.0268064
-0.0617772
-0.0687025
-0.0444383
-0.00615991
-0.00952335
-0.00856338
-0.00371582
0.00281864
0.0080735
0.00966316
0.00686595
0.000951738
-0.00539454
-0.00929181
-0.00897079
-0.00457722
0.00189431
0.00750587
0.00970992
0.00750587
0.00189431
-0.00457722
-0.00897079
-0.00929181
-0.00539454
0.000951738
0.00686595
0.00966316
0.0080735
0.00281864
-0.00371582
-0.00856338
-0.00952335
-0.00615991
0.0349149
0.0539792
0.0485381
0.0210616
-0.0159763
-0.0457614
-0.0547717
-0.0389168
-0.00539454
0.0305768
0.0526669
0.0508473
0.0259441
-0.0107371
-0.042544
-0.0550367
-0.042544
-0.0107371
0.0259441
0.0508473
0.0526669
0.0305768
-0.00539454
-0.0389168
-0.0547717
-0.0457614
-0.0159763
0.0210616
0.0485381
0.0539792
0.0349149
0.0601391
0.0929763
0.0836042
0.0362776
-0.0275184
-0.0788215
-0.0943414
-0.0670322
-0.00929181
0.0526669
0.0907159
0.0875818
0.0446874
-0.0184941
-0.0732797
-0.0947978
-0.0732797
-0.0184941
0.0446874
0.0875818
0.0907159
0.0526669
-0.00929181
-0.0670322
-0.0943414
-0.0788215
-0.0275184
0.0362776
0.0836042
0.0929763
0.0601391
0.0580614
0.0897641
0.0807158
0.0350242
-0.0265676
-0.0760984
-0.091082
-0.0647163
-0.00897079
0.0508473
0.0875818
0.084556
0.0431435
-0.0178552
-0.070748
-0.0915227
-0.070748
-0.0178552
0.0431435
0.084556
0.0875818
0.0508473
-0.00897079
-0.0647163
-0.091082
-0.0760984
-0.0265676
0.0350242
0.0807158
0.0897641
0.0580614
0.029625
0.0458009
0.0411841
0.0178706
-0.0135558
-0.0388281
-0.0464733
-0.0330206
-0.00457722
0.0259441
0.0446874
0.0431435
0.0220134
-0.00911037
-0.0360982
-0.0466982
-0.0360982
-0.00911037
0.0220134
0.0431435
0.0446874
0.0259441
-0.00457722
-0.0330206
-0.0464733
-0.0388281
-0.0135558
0.0178706
0.0411841
0.0458009
0.029625
-0.0122605
-0.018955
-0.0170443
-0.00739586
0.00561014
0.0160693
0.0192333
0.0136658
0.00189431
-0.0107371
-0.0184941
-0.0178552
-0.00911037
0.00377038
0.0149395
0.0193263
0.0149395
0.00377038
-0.00911037
-0.0178552
-0.0184941
-0.0107371
0.00189431
0.0136658
0.0192333
0.0160693
0.00561014
-0.00739586
-0.0170443
-0.018955
-0.0122605
-0.04858
-0.0751057
-0.067535
-0.0293048
0.0222292
0.0636715
0.0762084
0.0541482
0.00750587
-0.042544
-0.0732797
-0.070748
-0.0360982
0.0149395
0.0591949
0.0765771
0.0591949
0.0149395
-0.0360982
-0.070748
-0.0732797
-0.042544
0.00750587
0.0541482
0.0762084
0.0636715
0.0222292
-0.0293048
-0.067535
-0.0751057
-0.04858
-0.0628452
-0.09716
-0.0873662
-0.03791
0.0287566
0.0823683
0.0985865
0.0700485
0.00970992
-0.0550367
-0.0947978
-0.0915227
-0.0466982
0.0193263
0.0765771
0.0990635
0.0765771
0.0193263
-0.0466982
-0.0915227
-0.0947978
-0.0550367
0.00970992
0.0700485
0.0985865
0.0823683
0.0287566
-0.03791
-0.0873662
-0.09716
-0.0628452
-0.04858
-0.0751057
-0.067535
-0.0293048
0.0222292
0.0636715
0.0762084
0.0541482
0.00750587
-0.042544
-0.0732797
-0.070748
-0.0360982
0.0149395
0.0591949
0.0765771
0.0591949
0.0149395
-0.0360982
-0.070748
-0.0732797
-0.042544
0.00750587
0.0541482
0.0762084
0.0636715
0.0222292
-0.0293048
-0.067535
-0.0751057
-0.04858
-0.0122605
-0.018955
-0.0170443
-0.00739586
0.00561014
0.0160693
0.0192333
0.0136658
0.00189431
-0.0107371
-0.0184941
-0.0178552
-0.00911037
0.00377038
0.0149395
0.0193263
0.0149395
0.00377038
-0.00911037
-0.0178552
-0.0184941
-0.0107371
0.00189431
0.0136658
0.0192333
0.0160693
0.00561014
-0.00739586
-0.0170443
-0.018955
-0.0122605
0.029625
0.0458009
0.0411841
0.0178706
-0.0135558
-0.0388281
-0.0464733
-0.0330206
-0.00457722
0.0259441
0.0446874
0.0431435
0.0220134
-0.00911037
-0.0360982
-0.0466982
-0.0360982
-0.00911037
0.0220134
0.0431435
0.0446874
0.0259441
-0.00457722
-0.0330206
-0.0464733
-0.0388281
-0.0135558
0.0178706
0.0411841
0.0458009
0.029625
0.0580614
0.0897641
0.0807158
0.0350242
-0.0265676
-0.0760984
-0.091082
-0.0647163
-0.00897079
0.0508473
0.0875818
0.084556
0.0431435
-0.0178552
-0.070748
-0.0915227
-0.070748
-0.0178552
0.0431435
0.084556
0.0875818
0.0508473
-0.00897079
-0.0647163
-0.091082
-0.0760984
-0.0265676
0.0350242
0.0807158
0.0897641
0.0580614
0.0601391
0.0929763
0.0836042
0.0362776
-0.0275184
-0.0788215
-0.0943414
-0.0670322
-0.00929181
0.0526669
0.0907159
0.0875818
0.0446874
-0.0184941
-0.0732797
-0.0947978
-0.0732797
-0.0184941
0.0446874
0.0875818
0.0907159
0.0526669
-0.00929181
-0.0670322
-0.0943414
-0.0788215
-0.0275184
0.0362776
0.0836042
0.0929763
0.0601391
0.0349149
0.0539792
0.0485381
0.0210616
-0.0159763
-0.0457614
-0.0547717
-0.0389168
-0.00539454
0.0305768
0.0526669
0.0508473
0.0259441
-0.0107371
-0.042544
-0.0550367
-0.042544
-0.0107371
0.0259441
0.0508473
0.0526669
0.0305768
-0.00539454
-0.0389168
-0.0547717
-0.0457614
-0.0159763
0.0210616
0.0485381
0.0539792
0.0349149
-0.00615991
-0.00952335
-0.00856338
-0.00371582
0.00281864
0.0080735
0.00966316
0.00686595
0.000951738
-0.00539454
-0.00929181
-0.00897079
-0.00457722
0.00189431
0.00750587
0.00970992
0.00750587
0.00189431
-0.00457722
-0.00897079
-0.00929181
-0.00539454
0.000951738
0.00686595
0.00966316
0.0080735
0.00281864
-0.00371582
-0.00856338
-0.00952335
-0.00615991
-0.0444383
-0.0687025
-0.0617772
-0.0268064
0.020334
0.0582432
0.0697112
0.0495317
0.00686595
-0.0389168
-0.0670322
-0.0647163
-0.0330206
0.0136658
0.0541482
0.0700485
0.0541482
0.0136658
-0.0330206
-0.0647163
-0.0670322
-0.0389168
0.00686595
0.0495317
0.0697112
0.0582432
0.020334
-0.0268064
-0.0617772
-0.0687025
-0.0444383
-0.0625426
-0.0966921
-0.0869455
-0.0377274
0.0286181
0.0819716
0.0981117
0.0697112
0.00966316
-0.0547717
-0.0943414
-0.091082
-0.0464733
0.0192333
0.0762084
0.0985865
0.0762084
0.0192333
-0.0464733
-0.091082
-0.0943414
-0.0547717
0.00966316
0.0697112
0.0981117
0.0819716
0.0286181
-0.0377274
-0.0869455
-0.0966921
-0.0625426
-0.0522539
-0.0807856
-0.0726423
-0.031521
0.0239102
0.0684867
0.0819716
0.0582432
0.0080735
-0.0457614
-0.0788215
-0.0760984
-0.0388281
0.0160693
0.0636715
0.0823683
0.0636715
0.0160693
-0.0388281
-0.0760984
-0.0788215
-0.0457614
0.0080735
0.0582432
0.0819716
0.0684867
0.0239102
-0.031521
-0.0726423
-0.0807856
-0.0522539
-0.018243
-0.0282041
-0.0253611
-0.0110047
0.0083476
0.0239102
0.0286181
0.020334
0.00281864
-0.0159763
-0.0275184
-0.0265676
-0.0135558
0.00561014
0.0222292
0.0287566
0.0222292
0.00561014
-0.0135558
-0.0265676
-0.0275184
-0.0159763
0.00281864
0.020334
0.0286181
0.0239102
0.0083476
-0.0110047
-0.0253611
-0.0282041
-0.018243
0.0240498
0.0371815
0.0334336
0.0145075
-0.0110047
-0.031521
-0.0377274
-0.0268064
-0.00371582
0.0210616
0.0362776
0.0350242
0.0178706
-0.00739586
-0.0293048
-0.03791
-0.0293048
-0.00739586
0.0178706
0.0350242
0.0362776
0.0210616
-0.00371582
-0.0268064
-0.0377274
-0.031521
-0.0110047
0.0145075
0.0334336
0.0371815
0.0240498
0.0554245
0.0856875
0.0770501
0.0334336
-0.0253611
-0.0726423
-0.0869455
-0.0617772
-0.00856338
0.0485381
0.0836042
0.0807158
0.0411841
-0.0170443
-0.067535
-0.0873662
-0.067535
-0.0170443
0.0411841
0.0807158
0.0836042
0.0485381
-0.00856338
-0.0617772
-0.0869455
-0.0726423
-0.0253611
0.0334336
0.0770501
0.0856875
0.0554245
0.0616376
0.0952931
0.0856875
0.0371815
-0.0282041
-0.0807856
-0.0966921
-0.0687025
-0.00952335
0.0539792
0.0929763
0.0897641
0.0458009
-0.018955
-0.0751057
-0.09716
-0.0751057
-0.018955
0.0458009
0.0897641
0.0929763
0.0539792
-0.00952335
-0.0687025
-0.0966921
-0.0807856
-0.0282041
0.0371815
0.0856875
0.0952931
0.0616376
0.0398686
0.0616376
0.0554245
0.0240498
-0.018243
-0.0522539
-0.0625426
-0.0444383
-0.00615991
0.0349149
0.0601391
0.0580614
0.029625
-0.0122605
-0.04858
-0.0628452
-0.04858
-0.0122605
0.029625
0.0580614
0.0601391
0.0349149
-0.00615991
-0.0444383
-0.0625426
-0.0522539
-0.018243
0.0240498
0.0554245
0.0616376
0.0398686
