0
0
0
0
0
0
0
0
0
0
3.28056e-16
0
-6.06169e-16
0
7.91998e-16
0
-8.57253e-16
0
7.91998e-16
0
-6.06169e-16
0
3.28056e-16
0
3.28056e-16
-6.06169e-16
7.91998e-16
-8.57253e-16
7.91998e-16
-6.06169e-16
3.28056e-16
7.34882e-31
0.00213681
-0.00394831
0.00515872
-0.00558376
0.00515872
-0.00394831
0.00213681
-0.00394831
0.00729553
-0.00953208
0.0103174
-0.00953208
0.00729553
-0.00394831
0.00515872
-0.00953208
0.0124543
-0.0134804
0.0124543
-0.00953208
0.00515872
-0.00558376
0.0103174
-0.0134804
0.0145911
-0.0134804
0.0103174
-0.00558376
0.00515872
-0.00953208
0.0124543
-0.0134804
0.0124543
-0.00953208
0.00515872
-0.00394831
0.00729553
-0.00953208
0.0103174
-0.00953208
0.00729553
-0.00394831
0.00213681
-0.00394831
0.00515872
-0.00558376
0.00515872
-0.00394831
0.00213681
