0
0
0
0
0
0
0
0
0
0
0
0
0
0
0
0
0
0
0
0
0
0
0
0
0
0
0
0
0
0
0
0
0
0
0
0
0
0
0
0
0
0
0
0
0
0
0
0
0
0
0
0
0
0
0
0
0
0
0
0
0
0
0
0
0
0
2.888e-16
0
5.43835e-16
0
7.3529e-16
0
8.40781e-16
0
8.47974e-16
0
7.56029e-16
0
5.75696e-16
0
3.28056e-16
0
4.20634e-17
0
-2.48847e-16
0
-5.10665e-16
0
-7.1278e-16
0
-8.31562e-16
0
-8.53125e-16
0
-7.74947e-16
0
-6.06169e-16
0
-3.66523e-16
0
-8.40255e-17
0
2.08295e-16
0
4.76264e-16
0
6.88552e-16
0
8.2034e-16
0
8.5622e-16
0
7.91998e-16
0
6.35182e-16
0
4.04106e-16
0
1.25785e-16
0
-1.67242e-16
0
-4.40716e-16
0
-6.62665e-16
0
-8.07141e-16
0
-8.57253e-16
0
-8.07141e-16
0
-6.62665e-16
0
-4.40716e-16
0
-1.67242e-16
0
1.25785e-16
0
4.04106e-16
0
6.35182e-16
0
7.91998e-16
0
8.5622e-16
0
8.2034e-16
0
6.88552e-16
0
4.76264e-16
0
2.08295e-16
0
-8.40255e-17
0
-3.66523e-16
0
-6.06169e-16
0
-7.74947e-16
0
-8.53125e-16
0
-8.31562e-16
0
-7.1278e-16
0
-5.10665e-16
0
-2.48847e-16
0
4.20634e-17
0
3.28056e-16
0
5.75696e-16
0
7.56029e-16
0
8.47974e-16
0
8.40781e-16
0
7.3529e-16
0
5.43835e-16
0
2.888e-16
0
2.888e-16
5.43835e-16
7.3529e-16
8.40781e-16
8.47974e-16
7.56029e-16
5.75696e-16
3.28056e-16
4.20634e-17
-2.48847e-16
-5.10665e-16
-7.1278e-16
-8.31562e-16
-8.53125e-16
-7.74947e-16
-6.06169e-16
-3.66523e-16
-8.40255e-17
2.08295e-16
4.76264e-16
6.88552e-16
8.2034e-16
8.5622e-16
7.91998e-16
6.35182e-16
4.04106e-16
1.25785e-16
-1.67242e-16
-4.40716e-16
-6.62665e-16
-8.07141e-16
-8.57253e-16
-8.07141e-16
-6.62665e-16
-4.40716e-16
-1.67242e-16
1.25785e-16
4.04106e-16
6.35182e-16
7.91998e-16
8.5622e-16
8.2034e-16
6.88552e-16
4.76264e-16
2.08295e-16
-8.40255e-17
-3.66523e-16
-6.06169e-16
-7.74947e-16
-8.53125e-16
-8.31562e-16
-7.1278e-16
-5.10665e-16
-2.48847e-16
4.20634e-17
3.28056e-16
5.75696e-16
7.56029e-16
8.47974e-16
8.40781e-16
7.3529e-16
5.43835e-16
2.888e-16
7.34882e-31
-0.011441
-0.0215444
-0.029129
-0.0333081
-0.0335931
-0.0299506
-0.0228066
-0.0129962
-0.00166637
0.00985826
0.0202304
0.0282373
0.0329429
0.0337971
0.0307001
0.0240138
0.0145201
0.00332873
-0.00825177
-0.0188675
-0.0272775
-0.0324983
-0.0339198
-0.0313756
-0.0251632
-0.016009
-0.00498307
0.0066254
0.0174593
0.026252
0.0319755
0.0339607
0.0319755
0.026252
0.0174593
0.0066254
-0.00498307
-0.016009
-0.0251632
-0.0313756
-0.0339198
-0.0324983
-0.0272775
-0.0188675
-0.00825177
0.00332873
0.0145201
0.0240138
0.0307001
0.0337971
0.0329429
0.0282373
0.0202304
0.00985826
-0.00166637
-0.0129962
-0.0228066
-0.0299506
-0.0335931
-0.0333081
-0.029129
-0.0215444
-0.011441
-0.0215444
-0.04057
-0.0548526
-0.0627221
-0.0632588
-0.0563997
-0.0429468
-0.024473
-0.00313792
0.018564
0.0380955
0.0531733
0.0620344
0.063643
0.057811
0.0452201
0.0273426
0.00626829
-0.0155388
-0.0355292
-0.0513659
-0.0611972
-0.0638739
-0.059083
-0.0473845
-0.0301463
-0.00938355
0.0124762
0.0328774
0.0494347
0.0602126
0.0639509
0.0602126
0.0494347
0.0328774
0.0124762
-0.00938355
-0.0301463
-0.0473845
-0.059083
-0.0638739
-0.0611972
-0.0513659
-0.0355292
-0.0155388
0.00626829
0.0273426
0.0452201
0.057811
0.063643
0.0620344
0.0531733
0.0380955
0.018564
-0.00313792
-0.024473
-0.0429468
-0.0563997
-0.0632588
-0.0627221
-0.0548526
-0.04057
-0.0215444
-0.029129
-0.0548526
-0.0741632
-0.0848032
-0.0855287
-0.076255
-0.0580661
-0.0330886
-0.00424262
0.0250993
0.0515069
0.0718927
0.0838734
0.0860482
0.0781631
0.0611397
0.0369684
0.00847501
-0.0210092
-0.0480372
-0.069449
-0.0827415
-0.0863604
-0.0798829
-0.064066
-0.0407591
-0.012687
0.0168684
0.0444517
0.066838
0.0814102
0.0864646
0.0814102
0.066838
0.0444517
0.0168684
-0.012687
-0.0407591
-0.064066
-0.0798829
-0.0863604
-0.0827415
-0.069449
-0.0480372
-0.0210092
0.00847501
0.0369684
0.0611397
0.0781631
0.0860482
0.0838734
0.0718927
0.0515069
0.0250993
-0.00424262
-0.0330886
-0.0580661
-0.076255
-0.0855287
-0.0848032
-0.0741632
-0.0548526
-0.029129
-0.0333081
-0.0627221
-0.0848032
-0.0969697
-0.0977994
-0.0871951
-0.0663967
-0.0378357
-0.0048513
0.0287003
0.0588965
0.082207
0.0959065
0.0983934
0.089377
0.0699113
0.0422722
0.00969091
-0.0240233
-0.0549289
-0.0794127
-0.0946122
-0.0987504
-0.0913435
-0.0732575
-0.0466068
-0.0145072
0.0192885
0.0508291
0.0764272
0.09309
0.0988695
0.09309
0.0764272
0.0508291
0.0192885
-0.0145072
-0.0466068
-0.0732575
-0.0913435
-0.0987504
-0.0946122
-0.0794127
-0.0549289
-0.0240233
0.00969091
0.0422722
0.0699113
0.089377
0.0983934
0.0959065
0.082207
0.0588965
0.0287003
-0.0048513
-0.0378357
-0.0663967
-0.0871951
-0.0977994
-0.0969697
-0.0848032
-0.0627221
-0.0333081
-0.0335931
-0.0632588
-0.0855287
-0.0977994
-0.0986361
-0.0879411
-0.0669648
-0.0381594
-0.0048928
0.0289458
0.0594004
0.0829103
0.096727
0.0992352
0.0901416
0.0705094
0.0426338
0.00977382
-0.0242289
-0.0553989
-0.0800922
-0.0954217
-0.0995953
-0.092125
-0.0738842
-0.0470055
-0.0146313
0.0194535
0.051264
0.077081
0.0938864
0.0997154
0.0938864
0.077081
0.051264
0.0194535
-0.0146313
-0.0470055
-0.0738842
-0.092125
-0.0995953
-0.0954217
-0.0800922
-0.0553989
-0.0242289
0.00977382
0.0426338
0.0705094
0.0901416
0.0992352
0.096727
0.0829103
0.0594004
0.0289458
-0.0048928
-0.0381594
-0.0669648
-0.0879411
-0.0986361
-0.0977994
-0.0855287
-0.0632588
-0.0335931
-0.0299506
-0.0563997
-0.076255
-0.0871951
-0.0879411
-0.0784058
-0.0597039
-0.0340218
-0.00436228
0.0258073
0.0529597
0.0739204
0.086239
0.0884753
0.0803677
0.0628642
0.0380111
0.00871405
-0.0216018
-0.0493921
-0.0714079
-0.0850752
-0.0887963
-0.082136
-0.065873
-0.0419088
-0.0130448
0.0173442
0.0457055
0.0687232
0.0837064
0.0889034
0.0837064
0.0687232
0.0457055
0.0173442
-0.0130448
-0.0419088
-0.065873
-0.082136
-0.0887963
-0.0850752
-0.0714079
-0.0493921
-0.0216018
0.00871405
0.0380111
0.0628642
0.0803677
0.0884753
0.086239
0.0739204
0.0529597
0.0258073
-0.00436228
-0.0340218
-0.0597039
-0.0784058
-0.0879411
-0.0871951
-0.076255
-0.0563997
-0.0299506
-0.0228066
-0.0429468
-0.0580661
-0.0663967
-0.0669648
-0.0597039
-0.0454629
-0.0259067
-0.00332176
0.0196515
0.0403273
0.0562884
0.0656687
0.0673715
0.0611978
0.0478694
0.0289444
0.00663551
-0.0164491
-0.0376107
-0.0543751
-0.0647825
-0.0676159
-0.0625443
-0.0501605
-0.0319124
-0.00993328
0.0132071
0.0348035
0.0523309
0.0637402
0.0676975
0.0637402
0.0523309
0.0348035
0.0132071
-0.00993328
-0.0319124
-0.0501605
-0.0625443
-0.0676159
-0.0647825
-0.0543751
-0.0376107
-0.0164491
0.00663551
0.0289444
0.0478694
0.0611978
0.0673715
0.0656687
0.0562884
0.0403273
0.0196515
-0.00332176
-0.0259067
-0.0454629
-0.0597039
-0.0669648
-0.0663967
-0.0580661
-0.0429468
-0.0228066
-0.0129962
-0.024473
-0.0330886
-0.0378357
-0.0381594
-0.0340218
-0.0259067
-0.0147628
-0.00189288
0.0111983
0.0229803
0.0320756
0.0374209
0.0383912
0.0348732
0.027278
0.0164938
0.0037812
-0.00937344
-0.0214322
-0.0309853
-0.0369159
-0.0385305
-0.0356405
-0.0285836
-0.0181851
-0.00566042
0.00752599
0.0198325
0.0298204
0.0363219
0.038577
0.0363219
0.0298204
0.0198325
0.00752599
-0.00566042
-0.0181851
-0.0285836
-0.0356405
-0.0385305
-0.0369159
-0.0309853
-0.0214322
-0.00937344
0.0037812
0.0164938
0.027278
0.0348732
0.0383912
0.0374209
0.0320756
0.0229803
0.0111983
-0.00189288
-0.0147628
-0.0259067
-0.0340218
-0.0381594
-0.0378357
-0.0330886
-0.024473
-0.0129962
-0.00166637
-0.00313792
-0.00424262
-0.0048513
-0.0048928
-0.00436228
-0.00332176
-0.00189288
-0.000242705
0.00143585
0.00294653
0.00411273
0.0047981
0.00492252
0.00447144
0.00349759
0.00211483
0.000484826
-0.00120186
-0.00274804
-0.00397294
-0.00473335
-0.00494038
-0.00456982
-0.003665
-0.00233169
-0.000725779
0.000964983
0.00254293
0.00382357
0.0046572
0.00494634
0.0046572
0.00382357
0.00254293
0.000964983
-0.000725779
-0.00233169
-0.003665
-0.00456982
-0.00494038
-0.00473335
-0.00397294
-0.00274804
-0.00120186
0.000484826
0.00211483
0.00349759
0.00447144
0.00492252
0.0047981
0.00411273
0.00294653
0.00143585
-0.000242705
-0.00189288
-0.00332176
-0.00436228
-0.0048928
-0.0048513
-0.00424262
-0.00313792
-0.00166637
0.00985826
0.018564
0.0250993
0.0287003
0.0289458
0.0258073
0.0196515
0.0111983
0.00143585
-0.00849448
-0.0174317
-0.0243309
-0.0283856
-0.0291217
-0.0264531
-0.0206918
-0.0125114
-0.00286823
0.00711023
0.0162574
0.0235039
0.0280025
0.0292273
0.0270351
0.0216821
0.0137943
0.00429371
-0.00570884
-0.015044
-0.0226203
-0.027552
-0.0292626
-0.027552
-0.0226203
-0.015044
-0.00570884
0.00429371
0.0137943
0.0216821
0.0270351
0.0292273
0.0280025
0.0235039
0.0162574
0.00711023
-0.00286823
-0.0125114
-0.0206918
-0.0264531
-0.0291217
-0.0283856
-0.0243309
-0.0174317
-0.00849448
0.00143585
0.0111983
0.0196515
0.0258073
0.0289458
0.0287003
0.0250993
0.018564
0.00985826
0.0202304
0.0380955
0.0515069
0.0588965
0.0594004
0.0529597
0.0403273
0.0229803
0.00294653
-0.0174317
-0.0357719
-0.04993
-0.0582507
-0.0597612
-0.0542849
-0.042462
-0.0256748
-0.00588596
0.014591
0.0333622
0.0482329
0.0574646
0.059978
0.0554793
0.0444944
0.0283075
0.00881122
-0.0117152
-0.030872
-0.0464195
-0.05654
-0.0600503
-0.05654
-0.0464195
-0.030872
-0.0117152
0.00881122
0.0283075
0.0444944
0.0554793
0.059978
0.0574646
0.0482329
0.0333622
0.014591
-0.00588596
-0.0256748
-0.042462
-0.0542849
-0.0597612
-0.0582507
-0.04993
-0.0357719
-0.0174317
0.00294653
0.0229803
0.0403273
0.0529597
0.0594004
0.0588965
0.0515069
0.0380955
0.0202304
0.0282373
0.0531733
0.0718927
0.082207
0.0829103
0.0739204
0.0562884
0.0320756
0.00411273
-0.0243309
-0.04993
-0.0696917
-0.0813056
-0.0834139
-0.0757701
-0.0592679
-0.0358366
-0.00821555
0.020366
0.0465665
0.0673229
0.0802084
0.0837166
0.0774373
0.0621047
0.0395113
0.0122986
-0.016352
-0.0430908
-0.0647918
-0.0789179
-0.0838175
-0.0789179
-0.0647918
-0.0430908
-0.016352
0.0122986
0.0395113
0.0621047
0.0774373
0.0837166
0.0802084
0.0673229
0.0465665
0.020366
-0.00821555
-0.0358366
-0.0592679
-0.0757701
-0.0834139
-0.0813056
-0.0696917
-0.04993
-0.0243309
0.00411273
0.0320756
0.0562884
0.0739204
0.0829103
0.082207
0.0718927
0.0531733
0.0282373
0.0329429
0.0620344
0.0838734
0.0959065
0.096727
0.086239
0.0656687
0.0374209
0.0047981
-0.0283856
-0.0582507
-0.0813056
-0.0948549
-0.0973146
-0.088397
-0.0691447
-0.0418087
-0.00958465
0.0237599
0.0543267
0.078542
0.0935748
0.0976676
0.0903419
0.0724542
0.0460957
0.0143481
-0.019077
-0.0502718
-0.0755892
-0.0920693
-0.0977854
-0.0920693
-0.0755892
-0.0502718
-0.019077
0.0143481
0.0460957
0.0724542
0.0903419
0.0976676
0.0935748
0.078542
0.0543267
0.0237599
-0.00958465
-0.0418087
-0.0691447
-0.088397
-0.0973146
-0.0948549
-0.0813056
-0.0582507
-0.0283856
0.0047981
0.0374209
0.0656687
0.086239
0.096727
0.0959065
0.0838734
0.0620344
0.0329429
0.0337971
0.063643
0.0860482
0.0983934
0.0992352
0.0884753
0.0673715
0.0383912
0.00492252
-0.0291217
-0.0597612
-0.0834139
-0.0973146
-0.099838
-0.0906892
-0.0709377
-0.0428928
-0.00983318
0.024376
0.0557354
0.0805786
0.0960013
0.1002
0.0926846
0.074333
0.047291
0.0147202
-0.0195717
-0.0515753
-0.0775492
-0.0944567
-0.100321
-0.0944567
-0.0775492
-0.0515753
-0.0195717
0.0147202
0.047291
0.074333
0.0926846
0.1002
0.0960013
0.0805786
0.0557354
0.024376
-0.00983318
-0.0428928
-0.0709377
-0.0906892
-0.099838
-0.0973146
-0.0834139
-0.0597612
-0.0291217
0.00492252
0.0383912
0.0673715
0.0884753
0.0992352
0.0983934
0.0860482
0.063643
0.0337971
0.0307001
0.057811
0.0781631
0.089377
0.0901416
0.0803677
0.0611978
0.0348732
0.00447144
-0.0264531
-0.0542849
-0.0757701
-0.088397
-0.0906892
-0.0823787
-0.0644372
-0.0389622
-0.0089321
0.0221423
0.050628
0.0731947
0.087204
0.0910182
0.0841913
0.0675214
0.0429574
0.0133712
-0.0177782
-0.0468491
-0.0704429
-0.085801
-0.091128
-0.085801
-0.0704429
-0.0468491
-0.0177782
0.0133712
0.0429574
0.0675214
0.0841913
0.0910182
0.087204
0.0731947
0.050628
0.0221423
-0.0089321
-0.0389622
-0.0644372
-0.0823787
-0.0906892
-0.088397
-0.0757701
-0.0542849
-0.0264531
0.00447144
0.0348732
0.0611978
0.0803677
0.0901416
0.089377
0.0781631
0.057811
0.0307001
0.0240138
0.0452201
0.0611397
0.0699113
0.0705094
0.0628642
0.0478694
0.027278
0.00349759
-0.0206918
-0.042462
-0.0592679
-0.0691447
-0.0709377
-0.0644372
-0.0504032
-0.0304765
-0.00698675
0.0173199
0.0396016
0.0572534
0.0682116
0.0711951
0.065855
0.0528157
0.0336016
0.0104591
-0.0139062
-0.0366457
-0.0551009
-0.0671141
-0.0712809
-0.0671141
-0.0551009
-0.0366457
-0.0139062
0.0104591
0.0336016
0.0528157
0.065855
0.0711951
0.0682116
0.0572534
0.0396016
0.0173199
-0.00698675
-0.0304765
-0.0504032
-0.0644372
-0.0709377
-0.0691447
-0.0592679
-0.042462
-0.0206918
0.00349759
0.027278
0.0478694
0.0628642
0.0705094
0.0699113
0.0611397
0.0452201
0.0240138
0.0145201
0.0273426
0.0369684
0.0422722
0.0426338
0.0380111
0.0289444
0.0164938
0.00211483
-0.0125114
-0.0256748
-0.0358366
-0.0418087
-0.0428928
-0.0389622
-0.0304765
-0.0184278
-0.00422457
0.0104725
0.0239453
0.0346185
0.0412444
0.0430484
0.0398195
0.0319352
0.0203173
0.00632413
-0.00840845
-0.022158
-0.033317
-0.0405808
-0.0431003
-0.0405808
-0.033317
-0.022158
-0.00840845
0.00632413
0.0203173
0.0319352
0.0398195
0.0430484
0.0412444
0.0346185
0.0239453
0.0104725
-0.00422457
-0.0184278
-0.0304765
-0.0389622
-0.0428928
-0.0418087
-0.0358366
-0.0256748
-0.0125114
0.00211483
0.0164938
0.0289444
0.0380111
0.0426338
0.0422722
0.0369684
0.0273426
0.0145201
0.00332873
0.00626829
0.00847501
0.00969091
0.00977382
0.00871405
0.00663551
0.0037812
0.000484826
-0.00286823
-0.00588596
-0.00821555
-0.00958465
-0.00983318
-0.0089321
-0.00698675
-0.00422457
-0.000968484
0.00240083
0.00548946
0.0079363
0.0094553
0.00986886
0.00912863
0.00732116
0.00465776
0.00144981
-0.00192764
-0.00507973
-0.00763793
-0.00930317
-0.00988076
-0.00930317
-0.00763793
-0.00507973
-0.00192764
0.00144981
0.00465776
0.00732116
0.00912863
0.00986886
0.0094553
0.0079363
0.00548946
0.00240083
-0.000968484
-0.00422457
-0.00698675
-0.0089321
-0.00983318
-0.00958465
-0.00821555
-0.00588596
-0.00286823
0.000484826
0.0037812
0.00663551
0.00871405
0.00977382
0.00969091
0.00847501
0.00626829
0.00332873
-0.00825177
-0.0155388
-0.0210092
-0.0240233
-0.0242289
-0.0216018
-0.0164491
-0.00937344
-0.00120186
0.00711023
0.014591
0.020366
0.0237599
0.024376
0.0221423
0.0173199
0.0104725
0.00240083
-0.00595155
-0.0136081
-0.0196737
-0.0234393
-0.0244645
-0.0226295
-0.0181488
-0.0115464
-0.00359401
0.00477854
0.0125924
0.0189341
0.0230622
0.024494
0.0230622
0.0189341
0.0125924
0.00477854
-0.00359401
-0.0115464
-0.0181488
-0.0226295
-0.0244645
-0.0234393
-0.0196737
-0.0136081
-0.00595155
0.00240083
0.0104725
0.0173199
0.0221423
0.024376
0.0237599
0.020366
0.014591
0.00711023
-0.00120186
-0.00937344
-0.0164491
-0.0216018
-0.0242289
-0.0240233
-0.0210092
-0.0155388
-0.00825177
-0.0188675
-0.0355292
-0.0480372
-0.0549289
-0.0553989
-0.0493921
-0.0376107
-0.0214322
-0.00274804
0.0162574
0.0333622
0.0465665
0.0543267
0.0557354
0.050628
0.0396016
0.0239453
0.00548946
-0.0136081
-0.0311148
-0.0449837
-0.0535935
-0.0559376
-0.0517419
-0.041497
-0.0264006
-0.00821765
0.010926
0.0287924
0.0432925
0.0527312
0.0560051
0.0527312
0.0432925
0.0287924
0.010926
-0.00821765
-0.0264006
-0.041497
-0.0517419
-0.0559376
-0.0535935
-0.0449837
-0.0311148
-0.0136081
0.00548946
0.0239453
0.0396016
0.050628
0.0557354
0.0543267
0.0465665
0.0333622
0.0162574
-0.00274804
-0.0214322
-0.0376107
-0.0493921
-0.0553989
-0.0549289
-0.0480372
-0.0355292
-0.0188675
-0.0272775
-0.0513659
-0.069449
-0.0794127
-0.0800922
-0.0714079
-0.0543751
-0.0309853
-0.00397294
0.0235039
0.0482329
0.0673229
0.078542
0.0805786
0.0731947
0.0572534
0.0346185
0.0079363
-0.0196737
-0.0449837
-0.0650345
-0.077482
-0.080871
-0.0748052
-0.0599937
-0.0381683
-0.0118805
0.0157962
0.0416261
0.0625895
0.0762354
0.0809685
0.0762354
0.0625895
0.0416261
0.0157962
-0.0118805
-0.0381683
-0.0599937
-0.0748052
-0.080871
-0.077482
-0.0650345
-0.0449837
-0.0196737
0.0079363
0.0346185
0.0572534
0.0731947
0.0805786
0.078542
0.0673229
0.0482329
0.0235039
-0.00397294
-0.0309853
-0.0543751
-0.0714079
-0.0800922
-0.0794127
-0.069449
-0.0513659
-0.0272775
-0.0324983
-0.0611972
-0.0827415
-0.0946122
-0.0954217
-0.0850752
-0.0647825
-0.0369159
-0.00473335
0.0280025
0.0574646
0.0802084
0.0935748
0.0960013
0.087204
0.0682116
0.0412444
0.0094553
-0.0234393
-0.0535935
-0.077482
-0.092312
-0.0963496
-0.0891228
-0.0714764
-0.0454737
-0.0141545
0.0188195
0.0495933
0.0745691
0.0908268
0.0964658
0.0908268
0.0745691
0.0495933
0.0188195
-0.0141545
-0.0454737
-0.0714764
-0.0891228
-0.0963496
-0.092312
-0.077482
-0.0535935
-0.0234393
0.0094553
0.0412444
0.0682116
0.087204
0.0960013
0.0935748
0.0802084
0.0574646
0.0280025
-0.00473335
-0.0369159
-0.0647825
-0.0850752
-0.0954217
-0.0946122
-0.0827415
-0.0611972
-0.0324983
-0.0339198
-0.0638739
-0.0863604
-0.0987504
-0.0995953
-0.0887963
-0.0676159
-0.0385305
-0.00494038
0.0292273
0.059978
0.0837166
0.0976676
0.1002
0.0910182
0.0711951
0.0430484
0.00986886
-0.0244645
-0.0559376
-0.080871
-0.0963496
-0.100564
-0.0930208
-0.0746027
-0.0474626
-0.0147736
0.0196427
0.0517625
0.0778306
0.0947994
0.100685
0.0947994
0.0778306
0.0517625
0.0196427
-0.0147736
-0.0474626
-0.0746027
-0.0930208
-0.100564
-0.0963496
-0.080871
-0.0559376
-0.0244645
0.00986886
0.0430484
0.0711951
0.0910182
0.1002
0.0976676
0.0837166
0.059978
0.0292273
-0.00494038
-0.0385305
-0.0676159
-0.0887963
-0.0995953
-0.0987504
-0.0863604
-0.0638739
-0.0339198
-0.0313756
-0.059083
-0.0798829
-0.0913435
-0.092125
-0.082136
-0.0625443
-0.0356405
-0.00456982
0.0270351
0.0554793
0.0774373
0.0903419
0.0926846
0.0841913
0.065855
0.0398195
0.00912863
-0.0226295
-0.0517419
-0.0748052
-0.0891228
-0.0930208
-0.0860437
-0.069007
-0.0439026
-0.0136655
0.0181694
0.0478799
0.0719928
0.0876889
0.093133
0.0876889
0.0719928
0.0478799
0.0181694
-0.0136655
-0.0439026
-0.069007
-0.0860437
-0.0930208
-0.0891228
-0.0748052
-0.0517419
-0.0226295
0.00912863
0.0398195
0.065855
0.0841913
0.0926846
0.0903419
0.0774373
0.0554793
0.0270351
-0.00456982
-0.0356405
-0.0625443
-0.082136
-0.092125
-0.0913435
-0.0798829
-0.059083
-0.0313756
-0.0251632
-0.0473845
-0.064066
-0.0732575
-0.0738842
-0.065873
-0.0501605
-0.0285836
-0.003665
0.0216821
0.0444944
0.0621047
0.0724542
0.074333
0.0675214
0.0528157
0.0319352
0.00732116
-0.0181488
-0.041497
-0.0599937
-0.0714764
-0.0746027
-0.069007
-0.0553436
-0.0352099
-0.0109597
0.0145718
0.0383997
0.0577382
0.0703264
0.0746927
0.0703264
0.0577382
0.0383997
0.0145718
-0.0109597
-0.0352099
-0.0553436
-0.069007
-0.0746027
-0.0714764
-0.0599937
-0.041497
-0.0181488
0.00732116
0.0319352
0.0528157
0.0675214
0.074333
0.0724542
0.0621047
0.0444944
0.0216821
-0.003665
-0.0285836
-0.0501605
-0.065873
-0.0738842
-0.0732575
-0.064066
-0.0473845
-0.0251632
-0.016009
-0.0301463
-0.0407591
-0.0466068
-0.0470055
-0.0419088
-0.0319124
-0.0181851
-0.00233169
0.0137943
0.0283075
0.0395113
0.0460957
0.047291
0.0429574
0.0336016
0.0203173
0.00465776
-0.0115464
-0.0264006
-0.0381683
-0.0454737
-0.0474626
-0.0439026
-0.0352099
-0.0224007
-0.00697261
0.00927066
0.0244301
0.0367333
0.044742
0.0475198
0.044742
0.0367333
0.0244301
0.00927066
-0.00697261
-0.0224007
-0.0352099
-0.0439026
-0.0474626
-0.0454737
-0.0381683
-0.0264006
-0.0115464
0.00465776
0.0203173
0.0336016
0.0429574
0.047291
0.0460957
0.0395113
0.0283075
0.0137943
-0.00233169
-0.0181851
-0.0319124
-0.0419088
-0.0470055
-0.0466068
-0.0407591
-0.0301463
-0.016009
-0.00498307
-0.00938355
-0.012687
-0.0145072
-0.0146313
-0.0130448
-0.00993328
-0.00566042
-0.000725779
0.00429371
0.00881122
0.0122986
0.0143481
0.0147202
0.0133712
0.0104591
0.00632413
0.00144981
-0.00359401
-0.00821765
-0.0118805
-0.0141545
-0.0147736
-0.0136655
-0.0109597
-0.00697261
-0.00217035
0.00288566
0.00760429
0.0114339
0.0139267
0.0147914
0.0139267
0.0114339
0.00760429
0.00288566
-0.00217035
-0.00697261
-0.0109597
-0.0136655
-0.0147736
-0.0141545
-0.0118805
-0.00821765
-0.00359401
0.00144981
0.00632413
0.0104591
0.0133712
0.0147202
0.0143481
0.0122986
0.00881122
0.00429371
-0.000725779
-0.00566042
-0.00993328
-0.0130448
-0.0146313
-0.0145072
-0.012687
-0.00938355
-0.00498307
0.0066254
0.0124762
0.0168684
0.0192885
0.0194535
0.0173442
0.0132071
0.00752599
0.000964983
-0.00570884
-0.0117152
-0.016352
-0.019077
-0.0195717
-0.0177782
-0.0139062
-0.00840845
-0.00192764
0.00477854
0.010926
0.0157962
0.0188195
0.0196427
0.0181694
0.0145718
0.00927066
0.00288566
-0.00383672
-0.0101105
-0.0152023
-0.0185168
-0.0196664
-0.0185168
-0.0152023
-0.0101105
-0.00383672
0.00288566
0.00927066
0.0145718
0.0181694
0.0196427
0.0188195
0.0157962
0.010926
0.00477854
-0.00192764
-0.00840845
-0.0139062
-0.0177782
-0.0195717
-0.019077
-0.016352
-0.0117152
-0.00570884
0.000964983
0.00752599
0.0132071
0.0173442
0.0194535
0.0192885
0.0168684
0.0124762
0.0066254
0.0174593
0.0328774
0.0444517
0.0508291
0.051264
0.0457055
0.0348035
0.0198325
0.00254293
-0.015044
-0.030872
-0.0430908
-0.0502718
-0.0515753
-0.0468491
-0.0366457
-0.022158
-0.00507973
0.0125924
0.0287924
0.0416261
0.0495933
0.0517625
0.0478799
0.0383997
0.0244301
0.00760429
-0.0101105
-0.0266433
-0.0400612
-0.0487954
-0.0518249
-0.0487954
-0.0400612
-0.0266433
-0.0101105
0.00760429
0.0244301
0.0383997
0.0478799
0.0517625
0.0495933
0.0416261
0.0287924
0.0125924
-0.00507973
-0.022158
-0.0366457
-0.0468491
-0.0515753
-0.0502718
-0.0430908
-0.030872
-0.015044
0.00254293
0.0198325
0.0348035
0.0457055
0.051264
0.0508291
0.0444517
0.0328774
0.0174593
0.026252
0.0494347
0.066838
0.0764272
0.077081
0.0687232
0.0523309
0.0298204
0.00382357
-0.0226203
-0.0464195
-0.0647918
-0.0755892
-0.0775492
-0.0704429
-0.0551009
-0.033317
-0.00763793
0.0189341
0.0432925
0.0625895
0.0745691
0.0778306
0.0719928
0.0577382
0.0367333
0.0114339
-0.0152023
-0.0400612
-0.0602364
-0.0733693
-0.0779245
-0.0733693
-0.0602364
-0.0400612
-0.0152023
0.0114339
0.0367333
0.0577382
0.0719928
0.0778306
0.0745691
0.0625895
0.0432925
0.0189341
-0.00763793
-0.033317
-0.0551009
-0.0704429
-0.0775492
-0.0755892
-0.0647918
-0.0464195
-0.0226203
0.00382357
0.0298204
0.0523309
0.0687232
0.077081
0.0764272
0.066838
0.0494347
0.026252
0.0319755
0.0602126
0.0814102
0.09309
0.0938864
0.0837064
0.0637402
0.0363219
0.0046572
-0.027552
-0.05654
-0.0789179
-0.0920693
-0.0944567
-0.085801
-0.0671141
-0.0405808
-0.00930317
0.0230622
0.0527312
0.0762354
0.0908268
0.0947994
0.0876889
0.0703264
0.044742
0.0139267
-0.0185168
-0.0487954
-0.0733693
-0.0893655
-0.0949137
-0.0893655
-0.0733693
-0.0487954
-0.0185168
0.0139267
0.044742
0.0703264
0.0876889
0.0947994
0.0908268
0.0762354
0.0527312
0.0230622
-0.00930317
-0.0405808
-0.0671141
-0.085801
-0.0944567
-0.0920693
-0.0789179
-0.05654
-0.027552
0.0046572
0.0363219
0.0637402
0.0837064
0.0938864
0.09309
0.0814102
0.0602126
0.0319755
0.0339607
0.0639509
0.0864646
0.0988695
0.0997154
0.0889034
0.0676975
0.038577
0.00494634
-0.0292626
-0.0600503
-0.0838175
-0.0977854
-0.100321
-0.091128
-0.0712809
-0.0431003
-0.00988076
0.024494
0.0560051
0.0809685
0.0964658
0.100685
0.093133
0.0746927
0.0475198
0.0147914
-0.0196664
-0.0518249
-0.0779245
-0.0949137
-0.100806
-0.0949137
-0.0779245
-0.0518249
-0.0196664
0.0147914
0.0475198
0.0746927
0.093133
0.100685
0.0964658
0.0809685
0.0560051
0.024494
-0.00988076
-0.0431003
-0.0712809
-0.091128
-0.100321
-0.0977854
-0.0838175
-0.0600503
-0.0292626
0.00494634
0.038577
0.0676975
0.0889034
0.0997154
0.0988695
0.0864646
0.0639509
0.0339607
0.0319755
0.0602126
0.0814102
0.09309
0.0938864
0.0837064
0.0637402
0.0363219
0.0046572
-0.027552
-0.05654
-0.0789179
-0.0920693
-0.0944567
-0.085801
-0.0671141
-0.0405808
-0.00930317
0.0230622
0.0527312
0.0762354
0.0908268
0.0947994
0.0876889
0.0703264
0.044742
0.0139267
-0.0185168
-0.0487954
-0.0733693
-0.0893655
-0.0949137
-0.0893655
-0.0733693
-0.0487954
-0.0185168
0.0139267
0.044742
0.0703264
0.0876889
0.0947994
0.0908268
0.0762354
0.0527312
0.0230622
-0.00930317
-0.0405808
-0.0671141
-0.085801
-0.0944567
-0.0920693
-0.0789179
-0.05654
-0.027552
0.0046572
0.0363219
0.0637402
0.0837064
0.0938864
0.09309
0.0814102
0.0602126
0.0319755
0.026252
0.0494347
0.066838
0.0764272
0.077081
0.0687232
0.0523309
0.0298204
0.00382357
-0.0226203
-0.0464195
-0.0647918
-0.0755892
-0.0775492
-0.0704429
-0.0551009
-0.033317
-0.00763793
0.0189341
0.0432925
0.0625895
0.0745691
0.0778306
0.0719928
0.0577382
0.0367333
0.0114339
-0.0152023
-0.0400612
-0.0602364
-0.0733693
-0.0779245
-0.0733693
-0.0602364
-0.0400612
-0.0152023
0.0114339
0.0367333
0.0577382
0.0719928
0.0778306
0.0745691
0.0625895
0.0432925
0.0189341
-0.00763793
-0.033317
-0.0551009
-0.0704429
-0.0775492
-0.0755892
-0.0647918
-0.0464195
-0.0226203
0.00382357
0.0298204
0.0523309
0.0687232
0.077081
0.0764272
0.066838
0.0494347
0.026252
0.0174593
0.0328774
0.0444517
0.0508291
0.051264
0.0457055
0.0348035
0.0198325
0.00254293
-0.015044
-0.030872
-0.0430908
-0.0502718
-0.0515753
-0.0468491
-0.0366457
-0.022158
-0.00507973
0.0125924
0.0287924
0.0416261
0.0495933
0.0517625
0.0478799
0.0383997
0.0244301
0.00760429
-0.0101105
-0.0266433
-0.0400612
-0.0487954
-0.0518249
-0.0487954
-0.0400612
-0.0266433
-0.0101105
0.00760429
0.0244301
0.0383997
0.0478799
0.0517625
0.0495933
0.0416261
0.0287924
0.0125924
-0.00507973
-0.022158
-0.0366457
-0.0468491
-0.0515753
-0.0502718
-0.0430908
-0.030872
-0.015044
0.00254293
0.0198325
0.0348035
0.0457055
0.051264
0.0508291
0.0444517
0.0328774
0.0174593
0.0066254
0.0124762
0.0168684
0.0192885
0.0194535
0.0173442
0.0132071
0.00752599
0.000964983
-0.00570884
-0.0117152
-0.016352
-0.019077
-0.0195717
-0.0177782
-0.0139062
-0.00840845
-0.00192764
0.00477854
0.010926
0.0157962
0.0188195
0.0196427
0.0181694
0.0145718
0.00927066
0.00288566
-0.00383672
-0.0101105
-0.0152023
-0.0185168
-0.0196664
-0.0185168
-0.0152023
-0.0101105
-0.00383672
0.00288566
0.00927066
0.0145718
0.0181694
0.0196427
0.0188195
0.0157962
0.010926
0.00477854
-0.00192764
-0.00840845
-0.0139062
-0.0177782
-0.0195717
-0.019077
-0.016352
-0.0117152
-0.00570884
0.000964983
0.00752599
0.0132071
0.0173442
0.0194535
0.0192885
0.0168684
0.0124762
0.0066254
-0.00498307
-0.00938355
-0.012687
-0.0145072
-0.0146313
-0.0130448
-0.00993328
-0.00566042
-0.000725779
0.00429371
0.00881122
0.0122986
0.0143481
0.0147202
0.0133712
0.0104591
0.00632413
0.00144981
-0.00359401
-0.00821765
-0.0118805
-0.0141545
-0.0147736
-0.0136655
-0.0109597
-0.00697261
-0.00217035
0.00288566
0.00760429
0.0114339
0.0139267
0.0147914
0.0139267
0.0114339
0.00760429
0.00288566
-0.00217035
-0.00697261
-0.0109597
-0.0136655
-0.0147736
-0.0141545
-0.0118805
-0.00821765
-0.00359401
0.00144981
0.00632413
0.0104591
0.0133712
0.0147202
0.0143481
0.0122986
0.00881122
0.00429371
-0.000725779
-0.00566042
-0.00993328
-0.0130448
-0.0146313
-0.0145072
-0.012687
-0.00938355
-0.00498307
-0.016009
-0.0301463
-0.0407591
-0.0466068
-0.0470055
-0.0419088
-0.0319124
-0.0181851
-0.00233169
0.0137943
0.0283075
0.0395113
0.0460957
0.047291
0.0429574
0.0336016
0.0203173
0.00465776
-0.0115464
-0.0264006
-0.0381683
-0.0454737
-0.0474626
-0.0439026
-0.0352099
-0.0224007
-0.00697261
0.00927066
0.0244301
0.0367333
0.044742
0.0475198
0.044742
0.0367333
0.0244301
0.00927066
-0.00697261
-0.0224007
-0.0352099
-0.0439026
-0.0474626
-0.0454737
-0.0381683
-0.0264006
-0.0115464
0.00465776
0.0203173
0.0336016
0.0429574
0.047291
0.0460957
0.0395113
0.0283075
0.0137943
-0.00233169
-0.0181851
-0.0319124
-0.0419088
-0.0470055
-0.0466068
-0.0407591
-0.0301463
-0.016009
-0.0251632
-0.0473845
-0.064066
-0.0732575
-0.0738842
-0.065873
-0.0501605
-0.0285836
-0.003665
0.0216821
0.0444944
0.0621047
0.0724542
0.074333
0.0675214
0.0528157
0.0319352
0.00732116
-0.0181488
-0.041497
-0.0599937
-0.0714764
-0.0746027
-0.069007
-0.0553436
-0.0352099
-0.0109597
0.0145718
0.0383997
0.0577382
0.0703264
0.0746927
0.0703264
0.0577382
0.0383997
0.0145718
-0.0109597
-0.0352099
-0.0553436
-0.069007
-0.0746027
-0.0714764
-0.0599937
-0.041497
-0.0181488
0.00732116
0.0319352
0.0528157
0.0675214
0.074333
0.0724542
0.0621047
0.0444944
0.0216821
-0.003665
-0.0285836
-0.0501605
-0.065873
-0.0738842
-0.0732575
-0.064066
-0.0473845
-0.0251632
-0.0313756
-0.059083
-0.0798829
-0.0913435
-0.092125
-0.082136
-0.0625443
-0.0356405
-0.00456982
0.0270351
0.0554793
0.0774373
0.0903419
0.0926846
0.0841913
0.065855
0.0398195
0.00912863
-0.0226295
-0.0517419
-0.0748052
-0.0891228
-0.0930208
-0.0860437
-0.069007
-0.0439026
-0.0136655
0.0181694
0.0478799
0.0719928
0.0876889
0.093133
0.0876889
0.0719928
0.0478799
0.0181694
-0.0136655
-0.0439026
-0.069007
-0.0860437
-0.0930208
-0.0891228
-0.0748052
-0.0517419
-0.0226295
0.00912863
0.0398195
0.065855
0.0841913
0.0926846
0.0903419
0.0774373
0.0554793
0.0270351
-0.00456982
-0.0356405
-0.0625443
-0.082136
-0.092125
-0.0913435
-0.0798829
-0.059083
-0.0313756
-0.0339198
-0.0638739
-0.0863604
-0.0987504
-0.0995953
-0.0887963
-0.0676159
-0.0385305
-0.00494038
0.0292273
0.059978
0.0837166
0.0976676
0.1002
0.0910182
0.0711951
0.0430484
0.00986886
-0.0244645
-0.0559376
-0.080871
-0.0963496
-0.100564
-0.0930208
-0.0746027
-0.0474626
-0.0147736
0.0196427
0.0517625
0.0778306
0.0947994
0.100685
0.0947994
0.0778306
0.0517625
0.0196427
-0.0147736
-0.0474626
-0.0746027
-0.0930208
-0.100564
-0.0963496
-0.080871
-0.0559376
-0.0244645
0.00986886
0.0430484
0.0711951
0.0910182
0.1002
0.0976676
0.0837166
0.059978
0.0292273
-0.00494038
-0.0385305
-0.0676159
-0.0887963
-0.0995953
-0.0987504
-0.0863604
-0.0638739
-0.0339198
-0.0324983
-0.0611972
-0.0827415
-0.0946122
-0.0954217
-0.0850752
-0.0647825
-0.0369159
-0.00473335
0.0280025
0.0574646
0.0802084
0.0935748
0.0960013
0.087204
0.0682116
0.0412444
0.0094553
-0.0234393
-0.0535935
-0.077482
-0.092312
-0.0963496
-0.0891228
-0.0714764
-0.0454737
-0.0141545
0.0188195
0.0495933
0.0745691
0.0908268
0.0964658
0.0908268
0.0745691
0.0495933
0.0188195
-0.0141545
-0.0454737
-0.0714764
-0.0891228
-0.0963496
-0.092312
-0.077482
-0.0535935
-0.0234393
0.0094553
0.0412444
0.0682116
0.087204
0.0960013
0.0935748
0.0802084
0.0574646
0.0280025
-0.00473335
-0.0369159
-0.0647825
-0.0850752
-0.0954217
-0.0946122
-0.0827415
-0.0611972
-0.0324983
-0.0272775
-0.0513659
-0.069449
-0.0794127
-0.0800922
-0.0714079
-0.0543751
-0.0309853
-0.00397294
0.0235039
0.0482329
0.0673229
0.078542
0.0805786
0.0731947
0.0572534
0.0346185
0.0079363
-0.0196737
-0.0449837
-0.0650345
-0.077482
-0.080871
-0.0748052
-0.0599937
-0.0381683
-0.0118805
0.0157962
0.0416261
0.0625895
0.0762354
0.0809685
0.0762354
0.0625895
0.0416261
0.0157962
-0.0118805
-0.0381683
-0.0599937
-0.0748052
-0.080871
-0.077482
-0.0650345
-0.0449837
-0.0196737
0.0079363
0.0346185
0.0572534
0.0731947
0.0805786
0.078542
0.0673229
0.0482329
0.0235039
-0.00397294
-0.0309853
-0.0543751
-0.0714079
-0.0800922
-0.0794127
-0.069449
-0.0513659
-0.0272775
-0.0188675
-0.0355292
-0.0480372
-0.0549289
-0.0553989
-0.0493921
-0.0376107
-0.0214322
-0.00274804
0.0162574
0.0333622
0.0465665
0.0543267
0.0557354
0.050628
0.0396016
0.0239453
0.00548946
-0.0136081
-0.0311148
-0.0449837
-0.0535935
-0.0559376
-0.0517419
-0.041497
-0.0264006
-0.00821765
0.010926
0.0287924
0.0432925
0.0527312
0.0560051
0.0527312
0.0432925
0.0287924
0.010926
-0.00821765
-0.0264006
-0.041497
-0.0517419
-0.0559376
-0.0535935
-0.0449837
-0.0311148
-0.0136081
0.00548946
0.0239453
0.0396016
0.050628
0.0557354
0.0543267
0.0465665
0.0333622
0.0162574
-0.00274804
-0.0214322
-0.0376107
-0.0493921
-0.0553989
-0.0549289
-0.0480372
-0.0355292
-0.0188675
-0.00825177
-0.0155388
-0.0210092
-0.0240233
-0.0242289
-0.0216018
-0.0164491
-0.00937344
-0.00120186
0.00711023
0.014591
0.020366
0.0237599
0.024376
0.0221423
0.0173199
0.0104725
0.00240083
-0.00595155
-0.0136081
-0.0196737
-0.0234393
-0.0244645
-0.0226295
-0.0181488
-0.0115464
-0.00359401
0.00477854
0.0125924
0.0189341
0.0230622
0.024494
0.0230622
0.0189341
0.0125924
0.00477854
-0.00359401
-0.0115464
-0.0181488
-0.0226295
-0.0244645
-0.0234393
-0.0196737
-0.0136081
-0.00595155
0.00240083
0.0104725
0.0173199
0.0221423
0.024376
0.0237599
0.020366
0.014591
0.00711023
-0.00120186
-0.00937344
-0.0164491
-0.0216018
-0.0242289
-0.0240233
-0.0210092
-0.0155388
-0.00825177
0.00332873
0.00626829
0.00847501
0.00969091
0.00977382
0.00871405
0.00663551
0.0037812
0.000484826
-0.00286823
-0.00588596
-0.00821555
-0.00958465
-0.00983318
-0.0089321
-0.00698675
-0.00422457
-0.000968484
0.00240083
0.00548946
0.0079363
0.0094553
0.00986886
0.00912863
0.00732116
0.00465776
0.00144981
-0.00192764
-0.00507973
-0.00763793
-0.00930317
-0.00988076
-0.00930317
-0.00763793
-0.00507973
-0.00192764
0.00144981
0.00465776
0.00732116
0.00912863
0.00986886
0.0094553
0.0079363
0.00548946
0.00240083
-0.000968484
-0.00422457
-0.00698675
-0.0089321
-0.00983318
-0.00958465
-0.00821555
-0.00588596
-0.00286823
0.000484826
0.0037812
0.00663551
0.00871405
0.00977382
0.00969091
0.00847501
0.00626829
0.00332873
0.0145201
0.0273426
0.0369684
0.0422722
0.0426338
0.0380111
0.0289444
0.0164938
0.00211483
-0.0125114
-0.0256748
-0.0358366
-0.0418087
-0.0428928
-0.0389622
-0.0304765
-0.0184278
-0.00422457
0.0104725
0.0239453
0.0346185
0.0412444
0.0430484
0.0398195
0.0319352
0.0203173
0.00632413
-0.00840845
-0.022158
-0.033317
-0.0405808
-0.0431003
-0.0405808
-0.033317
-0.022158
-0.00840845
0.00632413
0.0203173
0.0319352
0.0398195
0.0430484
0.0412444
0.0346185
0.0239453
0.0104725
-0.00422457
-0.0184278
-0.0304765
-0.0389622
-0.0428928
-0.0418087
-0.0358366
-0.0256748
-0.0125114
0.00211483
0.0164938
0.0289444
0.0380111
0.0426338
0.0422722
0.0369684
0.0273426
0.0145201
0.0240138
0.0452201
0.0611397
0.0699113
0.0705094
0.0628642
0.0478694
0.027278
0.00349759
-0.0206918
-0.042462
-0.0592679
-0.0691447
-0.0709377
-0.0644372
-0.0504032
-0.0304765
-0.00698675
0.0173199
0.0396016
0.0572534
0.0682116
0.0711951
0.065855
0.0528157
0.0336016
0.0104591
-0.0139062
-0.0366457
-0.0551009
-0.0671141
-0.0712809
-0.0671141
-0.0551009
-0.0366457
-0.0139062
0.0104591
0.0336016
0.0528157
0.065855
0.0711951
0.0682116
0.0572534
0.0396016
0.0173199
-0.00698675
-0.0304765
-0.0504032
-0.0644372
-0.0709377
-0.0691447
-0.0592679
-0.042462
-0.0206918
0.00349759
0.027278
0.0478694
0.0628642
0.0705094
0.0699113
0.0611397
0.0452201
0.0240138
0.0307001
0.057811
0.0781631
0.089377
0.0901416
0.0803677
0.0611978
0.0348732
0.00447144
-0.0264531
-0.0542849
-0.0757701
-0.088397
-0.0906892
-0.0823787
-0.0644372
-0.0389622
-0.0089321
0.0221423
0.050628
0.0731947
0.087204
0.0910182
0.0841913
0.0675214
0.0429574
0.0133712
-0.0177782
-0.0468491
-0.0704429
-0.085801
-0.091128
-0.085801
-0.0704429
-0.0468491
-0.0177782
0.0133712
0.0429574
0.0675214
0.0841913
0.0910182
0.087204
0.0731947
0.050628
0.0221423
-0.0089321
-0.0389622
-0.0644372
-0.0823787
-0.0906892
-0.088397
-0.0757701
-0.0542849
-0.0264531
0.00447144
0.0348732
0.0611978
0.0803677
0.0901416
0.089377
0.0781631
0.057811
0.0307001
0.0337971
0.063643
0.0860482
0.0983934
0.0992352
0.0884753
0.0673715
0.0383912
0.00492252
-0.0291217
-0.0597612
-0.0834139
-0.0973146
-0.099838
-0.0906892
-0.0709377
-0.0428928
-0.00983318
0.024376
0.0557354
0.0805786
0.0960013
0.1002
0.0926846
0.074333
0.047291
0.0147202
-0.0195717
-0.0515753
-0.0775492
-0.0944567
-0.100321
-0.0944567
-0.0775492
-0.0515753
-0.0195717
0.0147202
0.047291
0.074333
0.0926846
0.1002
0.0960013
0.0805786
0.0557354
0.024376
-0.00983318
-0.0428928
-0.0709377
-0.0906892
-0.099838
-0.0973146
-0.0834139
-0.0597612
-0.0291217
0.00492252
0.0383912
0.0673715
0.0884753
0.0992352
0.0983934
0.0860482
0.063643
0.0337971
0.0329429
0.0620344
0.0838734
0.0959065
0.096727
0.086239
0.0656687
0.0374209
0.0047981
-0.0283856
-0.0582507
-0.0813056
-0.0948549
-0.0973146
-0.088397
-0.0691447
-0.0418087
-0.00958465
0.0237599
0.0543267
0.078542
0.0935748
0.0976676
0.0903419
0.0724542
0.0460957
0.0143481
-0.019077
-0.0502718
-0.0755892
-0.0920693
-0.0977854
-0.0920693
-0.0755892
-0.0502718
-0.019077
0.0143481
0.0460957
0.0724542
0.0903419
0.0976676
0.0935748
0.078542
0.0543267
0.0237599
-0.00958465
-0.0418087
-0.0691447
-0.088397
-0.0973146
-0.0948549
-0.0813056
-0.0582507
-0.0283856
0.0047981
0.0374209
0.0656687
0.086239
0.096727
0.0959065
0.0838734
0.0620344
0.0329429
0.0282373
0.0531733
0.0718927
0.082207
0.0829103
0.0739204
0.0562884
0.0320756
0.00411273
-0.0243309
-0.04993
-0.0696917
-0.0813056
-0.0834139
-0.0757701
-0.0592679
-0.0358366
-0.00821555
0.020366
0.0465665
0.0673229
0.0802084
0.0837166
0.0774373
0.0621047
0.0395113
0.0122986
-0.016352
-0.0430908
-0.0647918
-0.0789179
-0.0838175
-0.0789179
-0.0647918
-0.0430908
-0.016352
0.0122986
0.0395113
0.0621047
0.0774373
0.0837166
0.0802084
0.0673229
0.0465665
0.020366
-0.00821555
-0.0358366
-0.0592679
-0.0757701
-0.0834139
-0.0813056
-0.0696917
-0.04993
-0.0243309
0.00411273
0.0320756
0.0562884
0.0739204
0.0829103
0.082207
0.0718927
0.0531733
0.0282373
0.0202304
0.0380955
0.0515069
0.0588965
0.0594004
0.0529597
0.0403273
0.0229803
0.00294653
-0.0174317
-0.0357719
-0.04993
-0.0582507
-0.0597612
-0.0542849
-0.042462
-0.0256748
-0.00588596
0.014591
0.0333622
0.0482329
0.0574646
0.059978
0.0554793
0.0444944
0.0283075
0.00881122
-0.0117152
-0.030872
-0.0464195
-0.05654
-0.0600503
-0.05654
-0.0464195
-0.030872
-0.0117152
0.00881122
0.0283075
0.0444944
0.0554793
0.059978
0.0574646
0.0482329
0.0333622
0.014591
-0.00588596
-0.0256748
-0.042462
-0.0542849
-0.0597612
-0.0582507
-0.04993
-0.0357719
-0.0174317
0.00294653
0.0229803
0.0403273
0.0529597
0.0594004
0.0588965
0.0515069
0.0380955
0.0202304
0.00985826
0.018564
0.0250993
0.0287003
0.0289458
0.0258073
0.0196515
0.0111983
0.00143585
-0.00849448
-0.0174317
-0.0243309
-0.0283856
-0.0291217
-0.0264531
-0.0206918
-0.0125114
-0.00286823
0.00711023
0.0162574
0.0235039
0.0280025
0.0292273
0.0270351
0.0216821
0.0137943
0.00429371
-0.00570884
-0.015044
-0.0226203
-0.027552
-0.0292626
-0.027552
-0.0226203
-0.015044
-0.00570884
0.00429371
0.0137943
0.0216821
0.0270351
0.0292273
0.0280025
0.0235039
0.0162574
0.00711023
-0.00286823
-0.0125114
-0.0206918
-0.0264531
-0.0291217
-0.0283856
-0.0243309
-0.0174317
-0.00849448
0.00143585
0.0111983
0.0196515
0.0258073
0.0289458
0.0287003
0.0250993
0.018564
0.00985826
-0.00166637
-0.00313792
-0.00424262
-0.0048513
-0.0048928
-0.00436228
-0.00332176
-0.00189288
-0.000242705
0.00143585
0.00294653
0.00411273
0.0047981
0.00492252
0.00447144
0.00349759
0.00211483
0.000484826
-0.00120186
-0.00274804
-0.00397294
-0.00473335
-0.00494038
-0.00456982
-0.003665
-0.00233169
-0.000725779
0.000964983
0.00254293
0.00382357
0.0046572
0.00494634
0.0046572
0.00382357
0.00254293
0.000964983
-0.000725779
-0.00233169
-0.003665
-0.00456982
-0.00494038
-0.00473335
-0.00397294
-0.00274804
-0.00120186
0.000484826
0.00211483
0.00349759
0.00447144
0.00492252
0.0047981
0.00411273
0.00294653
0.00143585
-0.000242705
-0.00189288
-0.00332176
-0.00436228
-0.0048928
-0.0048513
-0.00424262
-0.00313792
-0.00166637
-0.0129962
-0.024473
-0.0330886
-0.0378357
-0.0381594
-0.0340218
-0.0259067
-0.0147628
-0.00189288
0.0111983
0.0229803
0.0320756
0.0374209
0.0383912
0.0348732
0.027278
0.0164938
0.0037812
-0.00937344
-0.0214322
-0.0309853
-0.0369159
-0.0385305
-0.0356405
-0.0285836
-0.0181851
-0.00566042
0.00752599
0.0198325
0.0298204
0.0363219
0.038577
0.0363219
0.0298204
0.0198325
0.00752599
-0.00566042
-0.0181851
-0.0285836
-0.0356405
-0.0385305
-0.0369159
-0.0309853
-0.0214322
-0.00937344
0.0037812
0.0164938
0.027278
0.0348732
0.0383912
0.0374209
0.0320756
0.0229803
0.0111983
-0.00189288
-0.0147628
-0.0259067
-0.0340218
-0.0381594
-0.0378357
-0.0330886
-0.024473
-0.0129962
-0.0228066
-0.0429468
-0.0580661
-0.0663967
-0.0669648
-0.0597039
-0.0454629
-0.0259067
-0.00332176
0.0196515
0.0403273
0.0562884
0.0656687
0.0673715
0.0611978
0.0478694
0.0289444
0.00663551
-0.0164491
-0.0376107
-0.0543751
-0.0647825
-0.0676159
-0.0625443
-0.0501605
-0.0319124
-0.00993328
0.0132071
0.0348035
0.0523309
0.0637402
0.0676975
0.0637402
0.0523309
0.0348035
0.0132071
-0.00993328
-0.0319124
-0.0501605
-0.0625443
-0.0676159
-0.0647825
-0.0543751
-0.0376107
-0.0164491
0.00663551
0.0289444
0.0478694
0.0611978
0.0673715
0.0656687
0.0562884
0.0403273
0.0196515
-0.00332176
-0.0259067
-0.0454629
-0.0597039
-0.0669648
-0.0663967
-0.0580661
-0.0429468
-0.0228066
-0.0299506
-0.0563997
-0.076255
-0.0871951
-0.0879411
-0.0784058
-0.0597039
-0.0340218
-0.00436228
0.0258073
0.0529597
0.0739204
0.086239
0.0884753
0.0803677
0.0628642
0.0380111
0.00871405
-0.0216018
-0.0493921
-0.0714079
-0.0850752
-0.0887963
-0.082136
-0.065873
-0.0419088
-0.0130448
0.0173442
0.0457055
0.0687232
0.0837064
0.0889034
0.0837064
0.0687232
0.0457055
0.0173442
-0.0130448
-0.0419088
-0.065873
-0.082136
-0.0887963
-0.0850752
-0.0714079
-0.0493921
-0.0216018
0.00871405
0.0380111
0.0628642
0.0803677
0.0884753
0.086239
0.0739204
0.0529597
0.0258073
-0.00436228
-0.0340218
-0.0597039
-0.0784058
-0.0879411
-0.0871951
-0.076255
-0.0563997
-0.0299506
-0.0335931
-0.0632588
-0.0855287
-0.0977994
-0.0986361
-0.0879411
-0.0669648
-0.0381594
-0.0048928
0.0289458
0.0594004
0.0829103
0.096727
0.0992352
0.0901416
0.0705094
0.0426338
0.00977382
-0.0242289
-0.0553989
-0.0800922
-0.0954217
-0.0995953
-0.092125
-0.0738842
-0.0470055
-0.0146313
0.0194535
0.051264
0.077081
0.0938864
0.0997154
0.0938864
0.077081
0.051264
0.0194535
-0.0146313
-0.0470055
-0.0738842
-0.092125
-0.0995953
-0.0954217
-0.0800922
-0.0553989
-0.0242289
0.00977382
0.0426338
0.0705094
0.0901416
0.0992352
0.096727
0.0829103
0.0594004
0.0289458
-0.0048928
-0.0381594
-0.0669648
-0.0879411
-0.0986361
-0.0977994
-0.0855287
-0.0632588
-0.0335931
-0.0333081
-0.0627221
-0.0848032
-0.0969697
-0.0977994
-0.0871951
-0.0663967
-0.0378357
-0.0048513
0.0287003
0.0588965
0.082207
0.0959065
0.0983934
0.089377
0.0699113
0.0422722
0.00969091
-0.0240233
-0.0549289
-0.0794127
-0.0946122
-0.0987504
-0.0913435
-0.0732575
-0.0466068
-0.0145072
0.0192885
0.0508291
0.0764272
0.09309
0.0988695
0.09309
0.0764272
0.0508291
0.0192885
-0.0145072
-0.0466068
-0.0732575
-0.0913435
-0.0987504
-0.0946122
-0.0794127
-0.0549289
-0.0240233
0.00969091
0.0422722
0.0699113
0.089377
0.0983934
0.0959065
0.082207
0.0588965
0.0287003
-0.0048513
-0.0378357
-0.0663967
-0.0871951
-0.0977994
-0.0969697
-0.0848032
-0.0627221
-0.0333081
-0.029129
-0.0548526
-0.0741632
-0.0848032
-0.0855287
-0.076255
-0.0580661
-0.0330886
-0.00424262
0.0250993
0.0515069
0.0718927
0.0838734
0.0860482
0.0781631
0.0611397
0.0369684
0.00847501
-0.0210092
-0.0480372
-0.069449
-0.0827415
-0.0863604
-0.0798829
-0.064066
-0.0407591
-0.012687
0.0168684
0.0444517
0.066838
0.0814102
0.0864646
0.0814102
0.066838
0.0444517
0.0168684
-0.012687
-0.0407591
-0.064066
-0.0798829
-0.0863604
-0.0827415
-0.069449
-0.0480372
-0.0210092
0.00847501
0.0369684
0.0611397
0.0781631
0.0860482
0.0838734
0.0718927
0.0515069
0.0250993
-0.00424262
-0.0330886
-0.0580661
-0.076255
-0.0855287
-0.0848032
-0.0741632
-0.0548526
-0.029129
-0.0215444
-0.04057
-0.0548526
-0.0627221
-0.0632588
-0.0563997
-0.0429468
-0.024473
-0.00313792
0.018564
0.0380955
0.0531733
0.0620344
0.063643
0.057811
0.0452201
0.0273426
0.00626829
-0.0155388
-0.0355292
-0.0513659
-0.0611972
-0.0638739
-0.059083
-0.0473845
-0.0301463
-0.00938355
0.0124762
0.0328774
0.0494347
0.0602126
0.0639509
0.0602126
0.0494347
0.0328774
0.0124762
-0.00938355
-0.0301463
-0.0473845
-0.059083
-0.0638739
-0.0611972
-0.0513659
-0.0355292
-0.0155388
0.00626829
0.0273426
0.0452201
0.057811
0.063643
0.0620344
0.0531733
0.0380955
0.018564
-0.00313792
-0.024473
-0.0429468
-0.0563997
-0.0632588
-0.0627221
-0.0548526
-0.04057
-0.0215444
-0.011441
-0.0215444
-0.029129
-0.0333081
-0.0335931
-0.0299506
-0.0228066
-0.0129962
-0.00166637
0.00985826
0.0202304
0.0282373
0.0329429
0.0337971
0.0307001
0.0240138
0.0145201
0.00332873
-0.00825177
-0.0188675
-0.0272775
-0.0324983
-0.0339198
-0.0313756
-0.0251632
-0.016009
-0.00498307
0.0066254
0.0174593
0.026252
0.0319755
0.0339607
0.0319755
0.026252
0.0174593
0.0066254
-0.00498307
-0.016009
-0.0251632
-0.0313756
-0.0339198
-0.0324983
-0.0272775
-0.0188675
-0.00825177
0.00332873
0.0145201
0.0240138
0.0307001
0.0337971
0.0329429
0.0282373
0.0202304
0.00985826
-0.00166637
-0.0129962
-0.0228066
-0.0299506
-0.0335931
-0.0333081
-0.029129
-0.0215444
-0.011441
