0
0
0
0
0
0
0
0
0
0
0
0
0
0
0
0
0
0
0
0
0
0
0
0
0
0
0
0
0
0
0
4.28626e-16
0
6.06169e-16
0
4.28626e-16
0
4.28626e-16
6.06169e-16
4.28626e-16
-5.1964e-31
0
0
0
0
0
0
6.06169e-16
0
8.57253e-16
0
6.06169e-16
0
6.06169e-16
8.57253e-16
6.06169e-16
-7.34882e-31
0
0
0
0
0
0
4.28626e-16
0
6.06169e-16
0
4.28626e-16
0
4.28626e-16
6.06169e-16
4.28626e-16
-5.1964e-31
0
0
0
0
0
0
4.28626e-16
6.06169e-16
4.28626e-16
-5.1964e-31
0
6.06169e-16
8.57253e-16
6.06169e-16
-7.34882e-31
0
4.28626e-16
6.06169e-16
4.28626e-16
-5.1964e-31
0
-5.1964e-31
-7.34882e-31
-5.1964e-31
6.2998e-46
12.1264
17.1493
12.1264
17.1493
24.2528
17.1493
12.1264
17.1493
12.1264
17.1493
24.2528
17.1493
24.2528
34.2986
24.2528
17.1493
24.2528
17.1493
12.1264
17.1493
12.1264
17.1493
24.2528
17.1493
12.1264
17.1493
12.1264
